travel_time,id,kind,action,origin,destination,start_time,reward,cost_table
6.433333333333334,487,AV,2,0,5,898,4.263499731615673,"0,0,0,0"
4.933333333333334,664,AV,2,4,12,1220,4.263499731615673,"0,0,0,0"
3.433333333333333,32,AV,2,0,12,80,4.263499731615673,"0,0,0,0"
3.933333333333333,357,AV,1,0,3,680,4.263499731615673,"0,0,0,0"
6.5,546,AV,3,11,5,1002,4.263499731615673,"0,0,0,0"
6.3,108,AV,1,4,20,213,4.263499731615673,"0,0,0,0"
5.216666666666667,261,AV,3,11,2,453,4.263499731615673,"0,0,0,0"
4.466666666666667,869,AV,0,17,5,1501,4.263499731615673,"0,0,0,0"
6.666666666666667,234,AV,2,4,20,402,4.263499731615673,"0,0,0,0"
4.666666666666667,132,AV,3,11,3,248,4.263499731615673,"0,0,0,0"
6.766666666666667,985,AV,2,16,10,1684,4.263499731615673,"0,0,0,0"
5.9,928,AV,1,16,9,1596,4.263499731615673,"0,0,0,0"
4.116666666666666,805,AV,0,7,9,1419,4.263499731615673,"0,0,0,0"
3.9,376,AV,0,7,9,707,4.263499731615673,"0,0,0,0"
5.533333333333333,533,AV,0,0,2,974,4.263499731615673,"0,0,0,0"
3.7,617,AV,2,4,85,1126,4.263499731615673,"0,0,0,0"
3.7666666666666666,113,AV,3,7,4,225,4.263499731615673,"0,0,0,0"
4.8,470,AV,3,1,1,876,4.263499731615673,"0,0,0,0"
2.966666666666667,525,AV,3,1,75,959,4.263499731615673,"0,0,0,0"
3.6166666666666667,230,AV,1,4,4,398,4.263499731615673,"0,0,0,0"
1.9333333333333333,988,AV,0,124,10,1690,4.263499731615673,"0,0,0,0"
7.35,644,AV,1,11,2,1175,4.263499731615673,"0,0,0,0"
5.583333333333333,45,AV,3,11,3,94,4.263499731615673,"0,0,0,0"
1.3,762,AV,0,8,2,1378,4.263499731615673,"0,0,0,0"
5.466666666666667,822,AV,1,11,20,1436,4.263499731615673,"0,0,0,0"
4.133333333333334,953,AV,1,118,10,1622,4.263499731615673,"0,0,0,0"
8.1,909,AV,0,4,3,1566,4.263499731615673,"0,0,0,0"
6.0,692,AV,2,0,2,1258,4.263499731615673,"0,0,0,0"
4.266666666666667,548,AV,3,83,1,1003,4.263499731615673,"0,0,0,0"
4.7,316,AV,0,0,2,565,4.263499731615673,"0,0,0,0"
3.0166666666666666,481,AV,0,0,4,895,4.263499731615673,"0,0,0,0"
3.183333333333333,679,AV,3,0,12,1241,4.263499731615673,"0,0,0,0"
5.2,1019,AV,0,4,3,1757,4.263499731615673,"0,0,0,0"
4.233333333333333,31,AV,1,11,3,79,4.263499731615673,"0,0,0,0"
5.05,65,AV,3,7,9,139,4.263499731615673,"0,0,0,0"
6.283333333333333,506,AV,1,0,5,920,4.263499731615673,"0,0,0,0"
3.9833333333333334,897,AV,0,24,1,1549,4.263499731615673,"0,0,0,0"
5.466666666666667,424,AV,0,0,5,796,4.263499731615673,"0,0,0,0"
5.766666666666667,450,AV,0,17,5,851,4.263499731615673,"0,0,0,0"
4.316666666666666,730,AV,2,7,9,1320,4.263499731615673,"0,0,0,0"
4.816666666666666,116,AV,1,7,9,228,4.263499731615673,"0,0,0,0"
7.433333333333334,522,AV,1,1,10,955,4.263499731615673,"0,0,0,0"
6.25,760,AV,1,8,9,1376,4.263499731615673,"0,0,0,0"
3.0833333333333335,971,AV,3,8,98,1662,4.263499731615673,"0,0,0,0"
3.2666666666666666,471,AV,0,4,4,877,4.263499731615673,"0,0,0,0"
2.6166666666666667,79,AV,3,4,18,160,4.263499731615673,"0,0,0,0"
4.95,962,AV,1,4,104,1648,4.263499731615673,"0,0,0,0"
4.183333333333334,87,AV,1,11,3,178,4.263499731615673,"0,0,0,0"
3.1,343,AV,1,57,15,653,4.263499731615673,"0,0,0,0"
4.566666666666666,653,AV,0,11,2,1202,4.263499731615673,"0,0,0,0"
6.716666666666667,161,AV,2,4,3,296,4.263499731615673,"0,0,0,0"
4.2,71,AV,0,8,9,149,4.263499731615673,"0,0,0,0"
3.466666666666667,140,AV,1,4,24,265,4.263499731615673,"0,0,0,0"
4.25,297,AV,0,17,5,525,4.263499731615673,"0,0,0,0"
6.2,676,AV,1,4,3,1236,4.263499731615673,"0,0,0,0"
6.066666666666666,687,AV,0,11,3,1245,4.263499731615673,"0,0,0,0"
5.35,633,AV,0,16,9,1158,4.263499731615673,"0,0,0,0"
4.716666666666667,594,AV,2,4,2,1084,4.263499731615673,"0,0,0,0"
6.15,775,AV,1,11,20,1388,4.263499731615673,"0,0,0,0"
5.916666666666667,351,AV,0,8,10,676,4.263499731615673,"0,0,0,0"
5.7,412,AV,3,1,10,780,4.263499731615673,"0,0,0,0"
5.183333333333334,650,AV,0,11,3,1194,4.263499731615673,"0,0,0,0"
4.4,578,AV,3,86,3,1061,4.263499731615673,"0,0,0,0"
5.266666666666667,319,AV,2,8,48,578,4.263499731615673,"0,0,0,0"
6.7,494,AV,3,0,5,903,4.263499731615673,"0,0,0,0"
6.35,554,AV,1,0,2,1009,4.263499731615673,"0,0,0,0"
7.333333333333333,665,AV,3,6,5,1221,4.263499731615673,"0,0,0,0"
5.083333333333333,466,AV,2,1,1,870,4.263499731615673,"0,0,0,0"
6.166666666666667,109,AV,1,1,10,220,4.263499731615673,"0,0,0,0"
5.4,872,AV,0,17,5,1505,4.263499731615673,"0,0,0,0"
5.9,774,AV,3,0,2,1386,4.263499731615673,"0,0,0,0"
5.783333333333333,128,AV,2,16,10,245,4.263499731615673,"0,0,0,0"
4.366666666666666,939,AV,3,11,20,1608,4.263499731615673,"0,0,0,0"
3.433333333333333,724,AV,3,8,2,1316,4.263499731615673,"0,0,0,0"
4.316666666666666,720,AV,0,64,10,1311,4.263499731615673,"0,0,0,0"
5.316666666666666,969,AV,3,21,4,1656,4.263499731615673,"0,0,0,0"
5.966666666666667,850,AV,3,0,2,1475,4.263499731615673,"0,0,0,0"
4.95,607,AV,2,90,9,1109,4.263499731615673,"0,0,0,0"
5.6,800,AV,2,50,9,1415,4.263499731615673,"0,0,0,0"
4.666666666666667,959,AV,2,98,2,1641,4.263499731615673,"0,0,0,0"
7.35,237,AV,3,4,5,412,4.263499731615673,"0,0,0,0"
4.883333333333334,472,AV,0,4,12,878,4.263499731615673,"0,0,0,0"
4.95,498,AV,0,4,5,907,4.263499731615673,"0,0,0,0"
2.683333333333333,991,AV,1,21,21,1695,4.263499731615673,"0,0,0,0"
2.1166666666666667,251,AV,3,0,3,435,4.263499731615673,"0,0,0,0"
3.6333333333333333,453,AV,1,4,4,853,4.263499731615673,"0,0,0,0"
4.766666666666667,373,AV,3,7,9,697,4.263499731615673,"0,0,0,0"
5.133333333333334,923,AV,2,16,4,1591,4.263499731615673,"0,0,0,0"
6.566666666666666,504,AV,1,0,5,913,4.263499731615673,"0,0,0,0"
5.333333333333333,438,AV,0,17,5,816,4.263499731615673,"0,0,0,0"
4.45,458,AV,2,13,39,861,4.263499731615673,"0,0,0,0"
5.483333333333333,820,AV,1,4,20,1434,4.263499731615673,"0,0,0,0"
2.6166666666666667,104,AV,2,0,12,203,4.263499731615673,"0,0,0,0"
4.416666666666667,345,AV,0,7,10,667,4.263499731615673,"0,0,0,0"
7.016666666666667,477,AV,1,1,10,890,4.263499731615673,"0,0,0,0"
5.883333333333334,346,AV,0,0,2,670,4.263499731615673,"0,0,0,0"
5.15,752,AV,0,103,9,1354,4.263499731615673,"0,0,0,0"
5.15,282,AV,3,1,1,500,4.263499731615673,"0,0,0,0"
5.35,416,AV,1,7,10,784,4.263499731615673,"0,0,0,0"
6.3,172,AV,2,4,3,320,4.263499731615673,"0,0,0,0"
5.716666666666667,782,AV,3,7,10,1397,4.263499731615673,"0,0,0,0"
3.3333333333333335,539,AV,2,0,3,989,4.263499731615673,"0,0,0,0"
6.166666666666667,73,AV,1,4,16,152,4.263499731615673,"0,0,0,0"
3.9,101,AV,1,25,10,197,4.263499731615673,"0,0,0,0"
5.066666666666666,946,AV,0,1,1,1616,4.263499731615673,"0,0,0,0"
1.8833333333333333,95,AV,0,24,19,189,4.263499731615673,"0,0,0,0"
8.133333333333333,106,AV,2,17,3,204,4.263499731615673,"0,0,0,0"
3.1333333333333333,493,AV,2,0,12,902,4.263499731615673,"0,0,0,0"
5.066666666666666,112,AV,1,7,9,223,4.263499731615673,"0,0,0,0"
4.516666666666667,854,AV,2,49,9,1481,4.263499731615673,"0,0,0,0"
4.4,847,AV,0,1,1,1470,4.263499731615673,"0,0,0,0"
5.416666666666667,421,AV,0,0,2,794,4.263499731615673,"0,0,0,0"
3.3333333333333335,932,AV,1,116,10,1604,4.263499731615673,"0,0,0,0"
1.9333333333333333,153,AV,1,16,27,288,4.263499731615673,"0,0,0,0"
3.1333333333333333,640,AV,2,97,3,1173,4.263499731615673,"0,0,0,0"
3.933333333333333,64,AV,3,1,1,136,4.263499731615673,"0,0,0,0"
8.666666666666666,680,AV,2,99,10,1243,4.263499731615673,"0,0,0,0"
6.8,649,AV,2,4,3,1192,4.263499731615673,"0,0,0,0"
8.1,651,AV,0,17,3,1197,4.263499731615673,"0,0,0,0"
5.066666666666666,377,AV,3,7,10,710,4.263499731615673,"0,0,0,0"
4.266666666666667,780,AV,0,7,10,1391,4.263499731615673,"0,0,0,0"
4.416666666666667,146,AV,0,11,26,271,4.263499731615673,"0,0,0,0"
5.116666666666666,474,AV,0,17,5,887,4.263499731615673,"0,0,0,0"
3.75,404,AV,3,7,4,775,4.263499731615673,"0,0,0,0"
5.816666666666666,1017,AV,1,16,5,1755,4.263499731615673,"0,0,0,0"
3.6333333333333333,778,AV,2,4,4,1389,4.263499731615673,"0,0,0,0"
6.983333333333333,877,AV,1,1,10,1519,4.263499731615673,"0,0,0,0"
3.6666666666666665,492,AV,2,0,52,901,4.263499731615673,"0,0,0,0"
4.533333333333333,1014,AV,0,129,10,1753,4.263499731615673,"0,0,0,0"
7.483333333333333,843,AV,3,8,10,1468,4.263499731615673,"0,0,0,0"
5.2,55,AV,2,18,2,127,4.263499731615673,"0,0,0,0"
4.8,329,AV,3,7,9,610,4.263499731615673,"0,0,0,0"
5.6,706,AV,0,16,94,1291,4.263499731615673,"0,0,0,0"
2.966666666666667,360,AV,3,1,57,682,4.263499731615673,"0,0,0,0"
4.3,406,AV,1,7,10,777,4.263499731615673,"0,0,0,0"
4.983333333333333,125,AV,1,7,9,238,4.263499731615673,"0,0,0,0"
5.883333333333334,684,AV,0,11,3,1244,4.263499731615673,"0,0,0,0"
3.816666666666667,598,AV,1,88,5,1091,4.263499731615673,"0,0,0,0"
4.566666666666666,247,AV,0,11,3,427,4.263499731615673,"0,0,0,0"
4.383333333333334,185,AV,3,16,12,335,4.263499731615673,"0,0,0,0"
6.35,783,AV,1,8,9,1397,4.263499731615673,"0,0,0,0"
3.966666666666667,572,AV,0,85,2,1054,4.263499731615673,"0,0,0,0"
4.683333333333334,263,AV,0,4,20,456,4.263499731615673,"0,0,0,0"
5.416666666666667,1007,AV,0,4,3,1732,4.263499731615673,"0,0,0,0"
5.7,131,AV,0,16,10,246,4.263499731615673,"0,0,0,0"
5.633333333333334,410,AV,1,0,5,780,4.263499731615673,"0,0,0,0"
2.75,1008,AV,0,0,3,1740,4.263499731615673,"0,0,0,0"
3.533333333333333,666,AV,3,7,9,1223,4.263499731615673,"0,0,0,0"
6.8,433,AV,0,0,5,807,4.263499731615673,"0,0,0,0"
5.633333333333334,141,AV,1,11,3,267,4.263499731615673,"0,0,0,0"
4.083333333333333,912,AV,0,1,1,1580,4.263499731615673,"0,0,0,0"
6.8,326,AV,0,16,10,603,4.263499731615673,"0,0,0,0"
4.766666666666667,694,AV,3,0,93,1259,4.263499731615673,"0,0,0,0"
3.1333333333333333,268,AV,2,0,3,464,4.263499731615673,"0,0,0,0"
1.85,972,AV,2,120,3,1664,4.263499731615673,"0,0,0,0"
2.5,518,AV,3,80,3,942,4.263499731615673,"0,0,0,0"
3.3666666666666667,1021,AV,1,11,4,1767,4.263499731615673,"0,0,0,0"
4.616666666666666,678,AV,0,11,3,1239,4.263499731615673,"0,0,0,0"
4.25,924,AV,3,16,9,1592,4.263499731615673,"0,0,0,0"
4.816666666666666,990,AV,0,1,1,1694,4.263499731615673,"0,0,0,0"
5.433333333333334,751,AV,0,17,5,1349,4.263499731615673,"0,0,0,0"
2.05,743,AV,1,102,3,1338,4.263499731615673,"0,0,0,0"
4.483333333333333,819,AV,3,49,2,1431,4.263499731615673,"0,0,0,0"
4.383333333333334,784,AV,2,7,9,1398,4.263499731615673,"0,0,0,0"
6.1,673,AV,2,4,3,1232,4.263499731615673,"0,0,0,0"
2.2666666666666666,26,AV,0,13,11,72,4.263499731615673,"0,0,0,0"
6.9,740,AV,2,16,10,1336,4.263499731615673,"0,0,0,0"
4.2,804,AV,0,7,10,1417,4.263499731615673,"0,0,0,0"
5.0,1013,AV,1,4,3,1749,4.263499731615673,"0,0,0,0"
5.0,848,AV,2,19,3,1473,4.263499731615673,"0,0,0,0"
2.9166666666666665,314,AV,0,0,3,563,4.263499731615673,"0,0,0,0"
4.433333333333334,30,AV,1,4,3,77,4.263499731615673,"0,0,0,0"
4.7,216,AV,0,11,2,379,4.263499731615673,"0,0,0,0"
4.466666666666667,325,AV,0,17,5,600,4.263499731615673,"0,0,0,0"
5.15,864,AV,0,1,1,1496,4.263499731615673,"0,0,0,0"
4.616666666666666,936,AV,1,8,2,1607,4.263499731615673,"0,0,0,0"
4.1,371,AV,0,22,9,695,4.263499731615673,"0,0,0,0"
3.1333333333333333,408,AV,0,7,9,779,4.263499731615673,"0,0,0,0"
6.883333333333334,426,AV,3,8,16,798,4.263499731615673,"0,0,0,0"
5.55,6,AV,3,4,4,13,4.263499731615673,"0,0,0,0"
3.9166666666666665,219,AV,1,11,3,382,4.263499731615673,"0,0,0,0"
4.166666666666667,178,AV,0,8,9,326,4.263499731615673,"0,0,0,0"
5.283333333333333,702,AV,2,11,3,1285,4.263499731615673,"0,0,0,0"
4.033333333333333,817,AV,3,11,20,1430,4.263499731615673,"0,0,0,0"
5.1,497,AV,0,4,5,905,4.263499731615673,"0,0,0,0"
5.733333333333333,83,AV,1,11,3,169,4.263499731615673,"0,0,0,0"
3.9,179,AV,2,34,10,329,4.263499731615673,"0,0,0,0"
4.1,921,AV,0,115,2,1591,4.263499731615673,"0,0,0,0"
5.65,792,AV,2,7,10,1409,4.263499731615673,"0,0,0,0"
4.733333333333333,36,AV,3,11,3,82,4.263499731615673,"0,0,0,0"
7.8,117,AV,2,17,3,229,4.263499731615673,"0,0,0,0"
4.716666666666667,935,AV,1,11,20,1606,4.263499731615673,"0,0,0,0"
3.7,659,AV,3,7,9,1214,4.263499731615673,"0,0,0,0"
5.7,267,AV,3,21,4,462,4.263499731615673,"0,0,0,0"
8.683333333333334,467,AV,3,7,66,873,4.263499731615673,"0,0,0,0"
5.833333333333333,529,AV,1,4,5,969,4.263499731615673,"0,0,0,0"
3.6666666666666665,570,AV,3,8,78,1050,4.263499731615673,"0,0,0,0"
4.3,423,AV,1,11,3,794,4.263499731615673,"0,0,0,0"
4.516666666666667,199,AV,0,11,3,351,4.263499731615673,"0,0,0,0"
7.416666666666667,461,AV,0,1,10,862,4.263499731615673,"0,0,0,0"
2.5833333333333335,387,AV,0,65,2,733,4.263499731615673,"0,0,0,0"
3.716666666666667,913,AV,3,13,4,1580,4.263499731615673,"0,0,0,0"
3.533333333333333,401,AV,1,7,9,774,4.263499731615673,"0,0,0,0"
4.5,989,AV,0,125,3,1694,4.263499731615673,"0,0,0,0"
4.05,722,AV,2,11,2,1314,4.263499731615673,"0,0,0,0"
7.4,758,AV,3,8,10,1375,4.263499731615673,"0,0,0,0"
2.933333333333333,103,AV,3,0,3,201,4.263499731615673,"0,0,0,0"
5.233333333333333,61,AV,2,1,1,134,4.263499731615673,"0,0,0,0"
5.766666666666667,200,AV,3,4,3,351,4.263499731615673,"0,0,0,0"
6.616666666666666,203,AV,1,0,2,355,4.263499731615673,"0,0,0,0"
5.783333333333333,967,AV,0,21,10,1654,4.263499731615673,"0,0,0,0"
3.8666666666666667,795,AV,2,106,5,1412,4.263499731615673,"0,0,0,0"
4.65,58,AV,2,7,10,131,4.263499731615673,"0,0,0,0"
5.366666666666666,868,AV,0,7,10,1501,4.263499731615673,"0,0,0,0"
6.733333333333333,102,AV,2,4,3,199,4.263499731615673,"0,0,0,0"
6.816666666666666,342,AV,2,56,10,652,4.263499731615673,"0,0,0,0"
5.1,573,AV,2,1,1,1055,4.263499731615673,"0,0,0,0"
4.116666666666666,857,AV,0,7,10,1487,4.263499731615673,"0,0,0,0"
6.433333333333334,551,AV,2,11,5,1005,4.263499731615673,"0,0,0,0"
4.783333333333333,624,AV,1,27,2,1140,4.263499731615673,"0,0,0,0"
5.75,789,AV,3,0,2,1404,4.263499731615673,"0,0,0,0"
3.933333333333333,574,AV,1,11,5,1055,4.263499731615673,"0,0,0,0"
3.566666666666667,538,AV,0,11,2,984,4.263499731615673,"0,0,0,0"
6.683333333333334,347,AV,2,24,54,673,4.263499731615673,"0,0,0,0"
3.75,276,AV,0,16,44,483,4.263499731615673,"0,0,0,0"
4.066666666666666,987,AV,3,16,107,1689,4.263499731615673,"0,0,0,0"
4.35,667,AV,0,7,9,1225,4.263499731615673,"0,0,0,0"
4.183333333333334,152,AV,3,16,12,286,4.263499731615673,"0,0,0,0"
2.2333333333333334,445,AV,1,0,61,822,4.263499731615673,"0,0,0,0"
7.366666666666666,564,AV,0,1,10,1039,4.263499731615673,"0,0,0,0"
4.466666666666667,149,AV,1,1,1,281,4.263499731615673,"0,0,0,0"
3.533333333333333,365,AV,3,7,4,688,4.263499731615673,"0,0,0,0"
5.233333333333333,893,AV,0,17,5,1545,4.263499731615673,"0,0,0,0"
5.75,894,AV,2,4,3,1546,4.263499731615673,"0,0,0,0"
9.316666666666666,785,AV,1,17,3,1401,4.263499731615673,"0,0,0,0"
8.066666666666666,636,AV,3,4,88,1164,4.263499731615673,"0,0,0,0"
5.45,698,AV,1,4,3,1273,4.263499731615673,"0,0,0,0"
4.45,885,AV,3,4,20,1531,4.263499731615673,"0,0,0,0"
4.3,396,AV,3,32,5,761,4.263499731615673,"0,0,0,0"
4.966666666666667,53,AV,1,17,5,119,4.263499731615673,"0,0,0,0"
5.05,286,AV,1,1,1,508,4.263499731615673,"0,0,0,0"
5.616666666666666,524,AV,2,4,5,957,4.263499731615673,"0,0,0,0"
4.216666666666667,802,AV,2,16,9,1416,4.263499731615673,"0,0,0,0"
6.25,69,AV,2,8,9,142,4.263499731615673,"0,0,0,0"
5.8,8,AV,3,4,3,17,4.263499731615673,"0,0,0,0"
5.533333333333333,270,AV,3,43,2,468,4.263499731615673,"0,0,0,0"
5.05,394,AV,0,70,3,752,4.263499731615673,"0,0,0,0"
5.366666666666666,279,AV,0,1,1,491,4.263499731615673,"0,0,0,0"
3.3333333333333335,1033,AV,1,0,3,1795,4.263499731615673,"0,0,0,0"
4.9,187,AV,0,11,3,336,4.263499731615673,"0,0,0,0"
6.866666666666666,1031,AV,2,17,108,1790,4.263499731615673,"0,0,0,0"
3.7,335,AV,0,53,52,616,4.263499731615673,"0,0,0,0"
2.6666666666666665,384,AV,1,64,1,729,4.263499731615673,"0,0,0,0"
5.833333333333333,440,AV,1,1,1,817,4.263499731615673,"0,0,0,0"
4.65,165,AV,3,16,30,305,4.263499731615673,"0,0,0,0"
3.15,9,AV,2,5,2,25,4.263499731615673,"0,0,0,0"
5.75,675,AV,3,7,91,1235,4.263499731615673,"0,0,0,0"
5.1,1016,AV,0,4,3,1754,4.263499731615673,"0,0,0,0"
2.9,587,AV,0,51,3,1071,4.263499731615673,"0,0,0,0"
5.133333333333334,236,AV,3,4,20,411,4.263499731615673,"0,0,0,0"
5.683333333333334,180,AV,1,8,9,329,4.263499731615673,"0,0,0,0"
5.55,521,AV,3,1,74,953,4.263499731615673,"0,0,0,0"
5.016666666666667,731,AV,0,11,3,1323,4.263499731615673,"0,0,0,0"
5.516666666666667,963,AV,0,1,1,1649,4.263499731615673,"0,0,0,0"
4.033333333333333,307,AV,0,11,20,547,4.263499731615673,"0,0,0,0"
3.65,690,AV,0,0,92,1250,4.263499731615673,"0,0,0,0"
3.3333333333333335,768,AV,0,11,20,1381,4.263499731615673,"0,0,0,0"
6.266666666666667,918,AV,3,4,3,1586,4.263499731615673,"0,0,0,0"
5.233333333333333,486,AV,1,4,5,898,4.263499731615673,"0,0,0,0"
5.516666666666667,94,AV,1,4,3,188,4.263499731615673,"0,0,0,0"
4.933333333333334,552,AV,0,11,5,1007,4.263499731615673,"0,0,0,0"
3.216666666666667,1028,AV,1,11,4,1780,4.263499731615673,"0,0,0,0"
3.066666666666667,52,AV,2,0,12,112,4.263499731615673,"0,0,0,0"
6.283333333333333,604,AV,0,1,10,1105,4.263499731615673,"0,0,0,0"
3.25,22,AV,1,11,4,60,4.263499731615673,"0,0,0,0"
4.266666666666667,634,AV,1,11,3,1158,4.263499731615673,"0,0,0,0"
3.6666666666666665,111,AV,2,26,3,221,4.263499731615673,"0,0,0,0"
3.7333333333333334,432,AV,2,0,3,805,4.263499731615673,"0,0,0,0"
3.9166666666666665,810,AV,2,7,100,1422,4.263499731615673,"0,0,0,0"
3.9,600,AV,1,11,3,1092,4.263499731615673,"0,0,0,0"
5.666666666666667,809,AV,1,11,20,1421,4.263499731615673,"0,0,0,0"
5.083333333333333,567,AV,0,1,1,1046,4.263499731615673,"0,0,0,0"
5.033333333333333,997,AV,0,0,2,1709,4.263499731615673,"0,0,0,0"
3.933333333333333,899,AV,3,57,20,1550,4.263499731615673,"0,0,0,0"
4.5,586,AV,1,7,1,1070,4.263499731615673,"0,0,0,0"
4.6,397,AV,0,17,5,767,4.263499731615673,"0,0,0,0"
4.75,166,AV,3,17,5,305,4.263499731615673,"0,0,0,0"
5.733333333333333,571,AV,0,4,5,1052,4.263499731615673,"0,0,0,0"
4.766666666666667,25,AV,0,11,3,72,4.263499731615673,"0,0,0,0"
2.966666666666667,454,AV,2,8,65,856,4.263499731615673,"0,0,0,0"
7.216666666666667,241,AV,1,4,2,414,4.263499731615673,"0,0,0,0"
4.5,879,AV,3,11,20,1521,4.263499731615673,"0,0,0,0"
2.5833333333333335,654,AV,0,98,9,1207,4.263499731615673,"0,0,0,0"
4.033333333333333,981,AV,1,0,2,1682,4.263499731615673,"0,0,0,0"
1.8166666666666667,513,AV,0,78,5,931,4.263499731615673,"0,0,0,0"
3.65,130,AV,1,17,22,245,4.263499731615673,"0,0,0,0"
1.8833333333333333,622,AV,2,93,2,1139,4.263499731615673,"0,0,0,0"
5.833333333333333,157,AV,1,4,29,292,4.263499731615673,"0,0,0,0"
4.666666666666667,338,AV,1,11,20,634,4.263499731615673,"0,0,0,0"
1.95,625,AV,3,16,87,1140,4.263499731615673,"0,0,0,0"
4.216666666666667,849,AV,2,0,3,1474,4.263499731615673,"0,0,0,0"
6.95,579,AV,2,1,10,1062,4.263499731615673,"0,0,0,0"
3.0833333333333335,755,AV,0,0,3,1361,4.263499731615673,"0,0,0,0"
4.133333333333334,118,AV,2,7,4,230,4.263499731615673,"0,0,0,0"
6.916666666666667,569,AV,1,1,10,1048,4.263499731615673,"0,0,0,0"
5.233333333333333,441,AV,0,17,5,818,4.263499731615673,"0,0,0,0"
5.183333333333334,488,AV,2,76,20,899,4.263499731615673,"0,0,0,0"
4.766666666666667,309,AV,1,11,5,549,4.263499731615673,"0,0,0,0"
4.933333333333334,480,AV,3,1,1,894,4.263499731615673,"0,0,0,0"
6.416666666666667,242,AV,3,42,20,418,4.263499731615673,"0,0,0,0"
6.6,114,AV,3,4,3,226,4.263499731615673,"0,0,0,0"
5.25,747,AV,1,4,20,1341,4.263499731615673,"0,0,0,0"
6.116666666666666,927,AV,0,4,3,1596,4.263499731615673,"0,0,0,0"
4.233333333333333,171,AV,2,0,3,317,4.263499731615673,"0,0,0,0"
5.25,781,AV,1,4,55,1393,4.263499731615673,"0,0,0,0"
3.966666666666667,749,AV,0,4,20,1348,4.263499731615673,"0,0,0,0"
2.0,280,AV,2,47,20,495,4.263499731615673,"0,0,0,0"
7.666666666666667,512,AV,1,0,5,930,4.263499731615673,"0,0,0,0"
6.833333333333333,516,AV,2,1,73,938,4.263499731615673,"0,0,0,0"
5.633333333333334,952,AV,1,4,3,1621,4.263499731615673,"0,0,0,0"
3.3,217,AV,0,11,40,380,4.263499731615673,"0,0,0,0"
3.25,337,AV,3,54,1,622,4.263499731615673,"0,0,0,0"
4.783333333333333,156,AV,3,8,9,292,4.263499731615673,"0,0,0,0"
6.333333333333333,215,AV,2,1,10,378,4.263499731615673,"0,0,0,0"
4.766666666666667,372,AV,3,7,9,696,4.263499731615673,"0,0,0,0"
1.7666666666666666,290,AV,3,16,45,516,4.263499731615673,"0,0,0,0"
6.416666666666667,255,AV,1,17,5,450,4.263499731615673,"0,0,0,0"
7.433333333333334,901,AV,3,8,10,1557,4.263499731615673,"0,0,0,0"
5.1,226,AV,0,11,3,389,4.263499731615673,"0,0,0,0"
4.85,982,AV,1,8,2,1682,4.263499731615673,"0,0,0,0"
6.35,110,AV,3,4,20,221,4.263499731615673,"0,0,0,0"
5.783333333333333,264,AV,2,4,20,458,4.263499731615673,"0,0,0,0"
5.716666666666667,945,AV,2,11,3,1616,4.263499731615673,"0,0,0,0"
5.05,744,AV,1,4,20,1338,4.263499731615673,"0,0,0,0"
2.1666666666666665,707,AV,2,16,3,1294,4.263499731615673,"0,0,0,0"
5.25,855,AV,2,109,20,1482,4.263499731615673,"0,0,0,0"
3.9166666666666665,878,AV,0,4,20,1520,4.263499731615673,"0,0,0,0"
5.133333333333334,683,AV,0,7,10,1244,4.263499731615673,"0,0,0,0"
1.9,859,AV,0,32,2,1489,4.263499731615673,"0,0,0,0"
4.616666666666666,977,AV,1,53,3,1676,4.263499731615673,"0,0,0,0"
4.583333333333333,965,AV,0,21,9,1652,4.263499731615673,"0,0,0,0"
7.083333333333333,949,AV,0,11,3,1619,4.263499731615673,"0,0,0,0"
5.516666666666667,485,AV,0,0,5,897,4.263499731615673,"0,0,0,0"
1.7166666666666666,956,AV,3,0,3,1626,4.263499731615673,"0,0,0,0"
7.083333333333333,475,AV,2,1,10,887,4.263499731615673,"0,0,0,0"
4.6,225,AV,0,11,20,387,4.263499731615673,"0,0,0,0"
4.466666666666667,671,AV,1,7,9,1230,4.263499731615673,"0,0,0,0"
5.9,93,AV,2,4,3,186,4.263499731615673,"0,0,0,0"
4.7,719,AV,1,4,89,1310,4.263499731615673,"0,0,0,0"
5.5,681,AV,1,100,10,1243,4.263499731615673,"0,0,0,0"
3.6,975,AV,0,11,4,1671,4.263499731615673,"0,0,0,0"
5.333333333333333,456,AV,0,1,1,860,4.263499731615673,"0,0,0,0"
5.333333333333333,413,AV,0,1,4,782,4.263499731615673,"0,0,0,0"
5.75,910,AV,0,0,2,1574,4.263499731615673,"0,0,0,0"
4.116666666666666,78,AV,0,22,9,160,4.263499731615673,"0,0,0,0"
5.166666666666667,544,AV,0,11,5,1000,4.263499731615673,"0,0,0,0"
6.35,791,AV,2,8,9,1408,4.263499731615673,"0,0,0,0"
5.983333333333333,115,AV,2,7,10,226,4.263499731615673,"0,0,0,0"
3.316666666666667,476,AV,0,8,68,889,4.263499731615673,"0,0,0,0"
3.966666666666667,718,AV,1,7,4,1309,4.263499731615673,"0,0,0,0"
6.0,708,AV,3,4,20,1298,4.263499731615673,"0,0,0,0"
5.483333333333333,49,AV,0,4,3,105,4.263499731615673,"0,0,0,0"
1.9333333333333333,82,AV,0,23,2,167,4.263499731615673,"0,0,0,0"
4.983333333333333,581,AV,3,1,1,1064,4.263499731615673,"0,0,0,0"
4.7,437,AV,0,1,1,815,4.263499731615673,"0,0,0,0"
5.85,124,AV,2,7,10,236,4.263499731615673,"0,0,0,0"
3.85,1023,AV,0,16,55,1772,4.263499731615673,"0,0,0,0"
5.516666666666667,147,AV,1,11,3,272,4.263499731615673,"0,0,0,0"
5.916666666666667,974,AV,2,121,105,1667,4.263499731615673,"0,0,0,0"
8.916666666666666,938,AV,2,117,3,1608,4.263499731615673,"0,0,0,0"
4.083333333333333,808,AV,0,7,9,1421,4.263499731615673,"0,0,0,0"
4.9,608,AV,0,17,5,1110,4.263499731615673,"0,0,0,0"
4.4,734,AV,1,7,9,1326,4.263499731615673,"0,0,0,0"
5.416666666666667,919,AV,3,42,9,1589,4.263499731615673,"0,0,0,0"
3.933333333333333,881,AV,0,11,20,1523,4.263499731615673,"0,0,0,0"
5.283333333333333,57,AV,2,1,1,129,4.263499731615673,"0,0,0,0"
3.0833333333333335,715,AV,2,16,18,1307,4.263499731615673,"0,0,0,0"
5.4,908,AV,2,4,3,1564,4.263499731615673,"0,0,0,0"
3.3833333333333333,294,AV,0,7,4,522,4.263499731615673,"0,0,0,0"
6.15,510,AV,1,0,72,923,4.263499731615673,"0,0,0,0"
6.233333333333333,978,AV,2,4,3,1677,4.263499731615673,"0,0,0,0"
6.65,764,AV,1,8,97,1380,4.263499731615673,"0,0,0,0"
5.033333333333333,812,AV,1,16,4,1425,4.263499731615673,"0,0,0,0"
1.9,239,AV,0,40,20,413,4.263499731615673,"0,0,0,0"
5.233333333333333,91,AV,3,0,2,181,4.263499731615673,"0,0,0,0"
5.066666666666666,726,AV,1,11,2,1317,4.263499731615673,"0,0,0,0"
3.95,173,AV,1,0,3,320,4.263499731615673,"0,0,0,0"
6.283333333333333,553,AV,1,0,2,1007,4.263499731615673,"0,0,0,0"
6.066666666666666,142,AV,0,4,3,267,4.263499731615673,"0,0,0,0"
4.966666666666667,826,AV,0,11,2,1442,4.263499731615673,"0,0,0,0"
7.333333333333333,277,AV,3,16,10,484,4.263499731615673,"0,0,0,0"
5.733333333333333,54,AV,3,7,10,125,4.263499731615673,"0,0,0,0"
6.283333333333333,390,AV,0,4,5,741,4.263499731615673,"0,0,0,0"
5.85,713,AV,3,7,10,1304,4.263499731615673,"0,0,0,0"
2.966666666666667,716,AV,0,7,9,1307,4.263499731615673,"0,0,0,0"
7.05,861,AV,2,7,10,1491,4.263499731615673,"0,0,0,0"
5.266666666666667,860,AV,2,0,2,1490,4.263499731615673,"0,0,0,0"
5.083333333333333,1011,AV,1,4,3,1745,4.263499731615673,"0,0,0,0"
5.9,257,AV,3,1,42,450,4.263499731615673,"0,0,0,0"
4.416666666666667,595,AV,3,4,3,1085,4.263499731615673,"0,0,0,0"
1.5666666666666667,610,AV,0,91,1,1117,4.263499731615673,"0,0,0,0"
2.066666666666667,451,AV,2,64,64,851,4.263499731615673,"0,0,0,0"
1.2166666666666666,631,AV,1,0,12,1158,4.263499731615673,"0,0,0,0"
5.4,669,AV,0,7,10,1226,4.263499731615673,"0,0,0,0"
6.35,556,AV,1,0,2,1011,4.263499731615673,"0,0,0,0"
4.666666666666667,1004,AV,0,1,1,1720,4.263499731615673,"0,0,0,0"
5.483333333333333,77,AV,1,21,17,158,4.263499731615673,"0,0,0,0"
6.666666666666667,549,AV,0,1,10,1004,4.263499731615673,"0,0,0,0"
5.283333333333333,105,AV,1,4,3,204,4.263499731615673,"0,0,0,0"
4.3,542,AV,1,11,4,999,4.263499731615673,"0,0,0,0"
5.316666666666666,164,AV,2,11,3,301,4.263499731615673,"0,0,0,0"
3.8333333333333335,941,AV,0,11,20,1611,4.263499731615673,"0,0,0,0"
3.5166666666666666,641,AV,2,53,9,1173,4.263499731615673,"0,0,0,0"
7.083333333333333,460,AV,2,74,10,862,4.263499731615673,"0,0,0,0"
8.05,0,Human,0,0,0,5,-8.05,"-8.049999999999997,-8.069365002088043,-8.17723702938096,-8.254408872913476"
4.233333333333333,1,Human,2,1,1,5,-4.233333333333333,"-4.298784893104956,-4.246290454677661,-4.233333333333336,-4.312454279670839"
0.6333333333333333,2,Human,0,2,2,11,-0.6333333333333333,"-0.6333333333333339,-1.310544909108352,-3.4010860355661343,-6.968603352067967"
3.1333333333333333,3,Human,3,0,3,11,-3.1333333333333333,"-3.1448265858568005,-3.20080667416919,-3.15902829789356,-3.1333333333333364"
3.1,4,Human,0,3,3,11,-3.1,"-3.1000000000000005,-3.136192223375291,-3.1417694962592337,-3.1619062906602533"
5.383333333333334,5,Human,1,4,3,12,-5.383333333333334,"-5.470576533008844,-5.383333333333335,-5.449226708850819,-5.480857745136974"
5.383333333333334,7,Human,1,4,3,15,-5.383333333333334,"-5.447071692199076,-5.383333333333335,-5.408641450826788,-5.386012610903373"
5.183333333333334,10,Human,1,4,3,26,-5.183333333333334,"-5.2559299816995635,-5.1833333333333345,-5.267512103735814,-5.261688543070651"
5.2,11,Human,1,4,3,28,-5.2,"-5.244229543791121,-5.199999999999999,-5.2302580290575875,-5.249549877939413"
2.8833333333333333,12,Human,3,0,3,30,-2.8833333333333333,"-2.8866658749329566,-2.9917063985250394,-3.005779227656692,-2.883333333333333"
4.566666666666666,13,Human,0,6,5,31,-4.566666666666666,"-4.566666666666669,-4.6729365010799135,-4.719364025560223,-4.812945524358051"
4.233333333333333,14,Human,3,1,1,33,-4.233333333333333,"-4.290960333844739,-4.270467377359278,-4.278614706976525,-4.233333333333336"
5.083333333333333,15,Human,1,4,3,37,-5.083333333333333,"-5.152255357124455,-5.083333333333332,-5.120528796336433,-5.170544876171647"
0.85,16,Human,0,7,6,39,-0.85,"-0.8500000000000006,-1.050407967362611,-1.9828099562359145,-1.7689318636021725"
1.7,17,Human,0,8,7,55,-1.7,"-1.7000000000000004,-1.8413539313493574,-1.759112963543949,-2.4700871133190496"
1.9333333333333333,18,Human,0,9,8,56,-1.9333333333333333,"-1.9333333333333336,-2.2914863789314124,-1.9407669544709805,-2.027528439451463"
4.116666666666666,19,Human,0,8,9,57,-4.116666666666666,"-4.116666666666669,-4.16665132586845,-4.1742208921351125,-4.148037162338769"
4.666666666666667,20,Human,1,4,3,57,-4.666666666666667,"-4.6714005297389,-4.666666666666666,-4.727627463003101,-4.702148702351531"
2.783333333333333,21,Human,0,10,5,58,-2.783333333333333,"-2.7833333333333328,-2.9592442633842597,-2.9483995828424963,-2.907190793610461"
4.1,23,Human,0,7,9,61,-4.1,"-4.100000000000003,-4.1215098764502045,-4.106248105323655,-4.237178747607392"
4.2,24,Human,0,12,10,69,-4.2,"-4.200000000000003,-4.427596870277193,-4.816280494425326,-4.4287366024179216"
4.366666666666666,27,Human,1,11,3,73,-4.366666666666666,"-4.483296903521668,-4.366666666666669,-4.482681325584115,-4.476775726026533"
4.3,28,Human,1,11,3,75,-4.3,"-4.361577185015809,-4.3,-4.375046864373834,-4.374442340365585"
3.933333333333333,29,Human,2,11,2,77,-3.933333333333333,"-4.582154728869692,-4.506561788620775,-3.933333333333333,-4.554611905649805"
4.316666666666666,33,Human,1,4,3,81,-4.316666666666666,"-4.417757328840292,-4.31666666666667,-4.450217910942343,-4.415563350946999"
3.4,34,Human,2,13,4,82,-3.4,"-3.678865547013622,-3.661336871543434,-3.4000000000000026,-3.7316337354120916"
2.316666666666667,35,Human,0,14,3,82,-2.316666666666667,"-2.3166666666666664,-2.333855452683809,-2.339713836377082,-2.4998095825803324"
5.116666666666666,37,Human,1,0,2,82,-5.116666666666666,"-5.415480669412858,-5.116666666666666,-5.258224143952439,-5.348753811968952"
4.266666666666667,38,Human,1,4,3,83,-4.266666666666667,"-4.319249994383697,-4.266666666666669,-4.405934328753875,-4.333885877939413"
4.316666666666666,39,Human,1,4,3,86,-4.316666666666666,"-4.417729159646289,-4.316666666666665,-4.422617910942343,-4.387296684280332"
1.95,40,Human,3,0,3,88,-1.95,"-2.2320493994437283,-2.2557912476953743,-2.277780043213581,-1.9500000000000015"
4.283333333333333,41,Human,1,11,3,89,-4.283333333333333,"-4.603403570188335,-4.283333333333332,-4.380743214031473,-4.54769758989557"
4.266666666666667,42,Human,1,11,3,91,-4.266666666666667,"-4.313454462735419,-4.266666666666666,-4.363143214031473,-4.56449758989557"
6.533333333333333,43,Human,2,11,2,92,-6.533333333333333,"-6.541466666613433,-6.707774896496622,-6.533333333333333,-6.541286649802629"
4.183333333333334,44,Human,1,4,3,93,-4.183333333333334,"-4.228290662173626,-4.183333333333333,-4.226617910942343,-4.2814300176136655"
5.833333333333333,46,Human,3,11,13,96,-5.833333333333333,"-5.8611602755066325,-5.890570964101865,-5.888973849157173,-5.833333333333334"
1.1333333333333333,47,Human,0,15,1,101,-1.1333333333333333,"-1.1333333333333342,-1.2982083892364769,-2.5921691175285866,-1.3116600672562104"
2.7,48,Human,2,4,4,101,-2.7,"-3.1810786437794722,-3.2047737107537126,-2.6999999999999997,-3.2688782892044896"
0.95,50,Human,0,16,5,106,-0.95,"-0.9500000000000006,-1.694644092338159,-1.0860939048045422,-1.2390377173187488"
5.216666666666667,51,Human,1,4,3,109,-5.216666666666667,"-5.313458338367721,-5.216666666666672,-5.290265507663523,-5.28279321283406"
3.75,56,Human,3,7,4,128,-3.75,"-3.7762592307478045,-3.787813283615462,-3.776382465112132,-3.7500000000000018"
3.966666666666667,59,Human,3,1,1,132,-3.966666666666667,"-4.661018476617298,-4.691548123718445,-4.7098033898261935,-3.966666666666669"
4.866666666666666,60,Human,1,4,3,133,-4.866666666666666,"-4.9306805297389,-4.86666666666667,-4.9890514630031,-5.124313095214559"
0.6666666666666666,62,Human,0,16,5,135,-0.6666666666666666,"-0.6666666666666664,-1.694644092338159,-1.0860939048045422,-1.2390377173187488"
4.333333333333333,63,Human,0,7,10,136,-4.333333333333333,"-4.333333333333332,-4.511050612077049,-4.443368798932557,-4.589835067976218"
2.8333333333333335,66,Human,0,19,12,140,-2.8333333333333335,"-2.8333333333333357,-2.993406744180754,-2.9094763351309716,-2.9565828946409383"
2.8666666666666667,67,Human,0,20,3,141,-2.8666666666666667,"-2.866666666666666,-2.868164165037377,-3.254319514414837,-2.9369418206447446"
3.6,68,Human,3,7,4,141,-3.6,"-3.612415025023811,-3.610000004090023,-3.60967908027385,-3.6000000000000028"
0.7666666666666667,70,Human,0,13,14,149,-0.7666666666666667,"-0.7666666666666666,-1.550674985616997,-1.550975105665016,-1.713744489876584"
2.433333333333333,72,Human,1,8,15,150,-2.433333333333333,"-2.58061454636929,-2.433333333333333,-2.6764211861850575,-2.5102163521440546"
4.55,74,Human,1,4,3,154,-4.55,"-4.591329159646288,-4.549999999999999,-4.639147463003099,-4.606170220171647"
4.916666666666667,75,Human,2,13,4,154,-4.916666666666667,"-4.934259561174949,-4.934937281351884,-4.91666666666667,-4.943220231128079"
4.45,76,Human,1,4,3,155,-4.45,"-4.743165328840291,-4.449999999999999,-4.565186327724255,-4.550970476171647"
5.95,80,Human,1,11,3,164,-5.95,"-6.053170856150668,-5.950000000000001,-6.075584990313477,-6.07640340524979"
4.416666666666667,81,Human,1,11,3,166,-4.416666666666667,"-4.4314059879364285,-4.416666666666667,-4.53231032364681,-4.423246071916457"
4.333333333333333,84,Human,1,11,3,171,-4.333333333333333,"-5.235164939682476,-4.333333333333332,-5.238697325584115,-5.175909032086668"
4.333333333333333,85,Human,1,11,3,172,-4.333333333333333,"-5.707578749844547,-4.333333333333332,-5.696903040662762,-5.663741866474906"
2.8833333333333333,86,Human,0,11,4,176,-2.8833333333333333,"-2.883333333333333,-2.8874916395717785,-3.0309723489597804,-3.148727243521583"
5.6,88,Human,1,11,3,179,-5.6,"-5.606275420999729,-5.6,-5.609183633305921,-5.620765466975021"
4.116666666666666,89,Human,1,4,3,181,-4.116666666666666,"-4.364395826312955,-4.116666666666665,-4.4023512442756765,-4.330896684280332"
4.183333333333334,90,Human,1,11,3,181,-4.183333333333334,"-4.9953686849205345,-4.183333333333336,-5.073990125584114,-5.012060324199831"
4.016666666666667,92,Human,1,4,3,183,-4.016666666666667,"-4.115725328840291,-4.016666666666667,-4.1828114630031,-4.10730707350498"
5.566666666666666,96,Human,1,4,3,189,-5.566666666666666,"-5.600021379942177,-5.5666666666666655,-5.8991222717794045,-5.59944790235153"
5.416666666666667,97,Human,1,4,3,191,-5.416666666666667,"-5.5797199955069585,-5.416666666666671,-5.567857474390921,-5.5483712694706515"
5.416666666666667,98,Human,1,4,3,192,-5.416666666666667,"-5.565559995506958,-5.416666666666664,-5.523297149655318,-5.501638321881225"
5.883333333333334,99,Human,1,1,1,194,-5.883333333333334,"-5.9032336314379785,-5.883333333333336,-5.902822165460239,-5.900826923888494"
5.3,100,Human,1,11,3,195,-5.3,"-5.442248867936429,-5.300000000000004,-5.4346173255841155,-5.415755613538918"
5.233333333333333,107,Human,1,4,3,212,-5.233333333333333,"-5.284156661050364,-5.233333333333333,-5.3590276620872075,-5.57690454460608"
5.55,119,Human,3,7,10,231,-5.55,"-5.598609873280348,-5.593065492724644,-5.642032733764469,-5.550000000000001"
3.6666666666666665,120,Human,3,7,4,233,-3.6666666666666665,"-3.8214425541304715,-3.841719648462226,-3.823267427530003,-3.6666666666666687"
6.283333333333333,121,Human,1,4,3,233,-6.283333333333333,"-6.560413335759651,-6.283333333333334,-6.5509487763219845,-6.298319760323188"
5.533333333333333,122,Human,3,7,10,234,-5.533333333333333,"-5.576182283248054,-5.6090474290386645,-5.60498240207764,-5.533333333333331"
4.2,123,Human,0,0,21,235,-4.2,"-4.199999999999999,-4.316021948819889,-4.207010354789624,-4.50474620550078"
2.4,126,Human,0,8,21,238,-2.4,"-2.4000000000000012,-2.510315923998743,-2.431414451629257,-2.6313288771232033"
5.616666666666666,127,Human,0,27,2,240,-5.616666666666666,"-5.6166666666666645,-5.802421755740477,-5.719188738927681,-5.694156511211632"
3.9,129,Human,0,4,20,245,-3.9,"-3.900000000000003,-5.759718436820152,-5.823355997287369,-5.64003416389326"
4.15,133,Human,3,16,9,248,-4.15,"-4.450398392400728,-4.229511048122633,-4.455227111253728,-4.149999999999999"
4.433333333333334,134,Human,1,11,3,249,-4.433333333333334,"-4.483915466036786,-4.433333333333332,-4.447883513800625,-4.481936368312253"
5.916666666666667,135,Human,1,4,3,258,-5.916666666666667,"-6.228639996405566,-5.9166666666666705,-6.211468370402479,-6.126657502351531"
4.5,136,Human,1,11,3,260,-4.5,"-5.615534414603095,-4.5,-5.637079291040501,-5.635412775673801"
3.433333333333333,137,Human,0,28,9,261,-3.433333333333333,"-3.4333333333333345,-3.509158231215843,-3.4592329698857744,-3.6187067176757575"
1.6833333333333333,138,Human,1,0,23,262,-1.6833333333333333,"-1.8613487657596242,-1.6833333333333342,-1.8650823057292074,-1.9343259589160755"
1.4,139,Human,0,29,3,264,-1.4,"-1.4,-1.5285910764593815,-1.6510681600213881,-1.4952748702072622"
1.8666666666666667,143,Human,0,30,25,268,-1.8666666666666667,"-1.8666666666666674,-1.9560012862970964,-1.9816537556995444,-1.972546196304296"
4.25,144,Human,1,4,3,269,-4.25,"-5.265052243032896,-4.249999999999998,-5.25323157040248,-5.3592619079097865"
4.233333333333333,145,Human,1,11,3,269,-4.233333333333333,"-5.617576441269762,-4.233333333333336,-5.652886792772588,-5.627340111184375"
7.0,148,Human,0,4,16,280,-7.0,"-7.000000000000061,-7.056939385232078,-7.154522357832459,-7.068152194138926"
4.016666666666667,150,Human,1,11,3,283,-4.016666666666667,"-4.564843570188335,-4.01666666666667,-4.531074571225178,-4.590931790866499"
4.05,151,Human,1,11,3,285,-4.05,"-5.356423563682476,-4.050000000000004,-5.364252121899067,-5.374443470178918"
4.083333333333333,154,Human,0,11,28,289,-4.083333333333333,"-4.083333333333336,-5.246487656705925,-5.257753639541923,-5.230928247200955"
4.783333333333333,155,Human,3,16,9,289,-4.783333333333333,"-4.829416103289071,-4.832243505164773,-4.8043588925222505,-4.783333333333337"
0.9,158,Human,0,31,2,293,-0.9,"-0.9000000000000007,-1.4011332970913348,-1.7062506211988038,-1.9857952828359569"
5.266666666666667,159,Human,1,4,3,293,-5.266666666666667,"-5.541330662173625,-5.2666666666666675,-5.5920541296697674,-5.504964702351531"
5.333333333333333,160,Human,1,4,3,295,-5.333333333333333,"-5.557527995506959,-5.333333333333331,-5.461987662087208,-5.561629877939412"
5.15,162,Human,1,4,3,298,-5.15,"-5.297191995506958,-5.150000000000004,-5.395136796336433,-5.298259211272747"
3.783333333333333,163,Human,1,11,3,299,-3.783333333333333,"-5.131398469079314,-3.783333333333336,-5.095998374699068,-5.098715779085586"
4.466666666666667,167,Human,3,32,9,306,-4.466666666666667,"-4.49489355030763,-4.576373917120231,-4.478522192923247,-4.466666666666666"
1.5666666666666667,168,Human,0,33,9,307,-1.5666666666666667,"-1.5666666666666682,-1.612625312984603,-1.8414824718698926,-1.7171344573708183"
4.55,169,Human,3,4,31,308,-4.55,"-4.704495348317229,-4.705977495460763,-5.053572269049942,-4.5500000000000025"
2.533333333333333,170,Human,0,0,3,315,-2.533333333333333,"-2.5333333333333354,-2.621299664822966,-2.6388907012375316,-2.598351463928562"
2.8666666666666667,174,Human,2,8,32,323,-2.8666666666666667,"-2.9690000895763924,-2.871230777089041,-2.866666666666666,-2.908739802213182"
7.683333333333334,175,Human,1,4,33,323,-7.683333333333334,"-7.727766742734798,-7.683333333328815,-7.715380889773097,-7.717325980031509"
11.416666666666666,176,Human,3,0,16,324,-11.416666666666666,"-11.673599025127158,-11.839311279521992,-11.422966250775277,-11.409259259226886"
1.6833333333333333,177,Human,1,4,34,324,-1.6833333333333333,"-1.801593574809933,-1.6833333333333342,-1.7984909993990288,-1.9538150986422718"
4.216666666666667,181,Human,0,8,9,330,-4.216666666666667,"-4.216666666666667,-4.68094036333612,-4.8964875588017795,-4.6768200529234605"
5.333333333333333,182,Human,1,16,10,331,-5.333333333333333,"-5.470348672480556,-5.333333333333331,-5.4654944412917015,-5.555649660903647"
7.5,183,Human,2,17,3,332,-7.5,"-7.797414820027066,-7.577309885149012,-7.500000000000058,-7.514410322310056"
4.633333333333334,184,Human,1,11,3,335,-4.633333333333334,"-4.797136903521668,-4.633333333333333,-4.885074571225179,-4.736684256562237"
2.2333333333333334,186,Human,1,21,35,335,-2.2333333333333334,"-2.604314903542853,-2.233333333333333,-2.641362814384213,-2.6138359056567193"
4.066666666666666,188,Human,3,16,9,337,-4.066666666666666,"-4.369887268587249,-4.190655476819957,-4.105384449046815,-4.0666666666666655"
5.666666666666667,189,Human,1,16,10,338,-5.666666666666667,"-6.55188037393403,-5.666666666666727,-6.48097244242669,-6.302545928495282"
3.816666666666667,190,Human,3,1,1,339,-3.816666666666667,"-4.749722617648757,-4.7505808830081016,-4.751135938555061,-3.81666666666667"
8.133333333333333,191,Human,1,17,36,340,-8.133333333333333,"-8.775558637731592,-8.118518518491983,-8.65050616649068,-8.629175674499766"
4.45,192,Human,1,11,3,340,-4.45,"-4.619938856150667,-4.449999999999999,-4.640731656980144,-4.4986159393598655"
3.066666666666667,193,Human,0,11,4,342,-3.066666666666667,"-3.066666666666668,-3.091029226135563,-3.1203056822931132,-3.3093939101882492"
5.6,194,Human,2,1,10,343,-5.6,"-5.636954011103025,-5.636973380806494,-5.60000000000673,-5.637396496716121"
3.716666666666667,195,Human,0,1,1,346,-3.716666666666667,"-3.7166666666666694,-4.011145397407299,-4.10249552256516,-4.04904707457098"
4.3,196,Human,1,11,3,347,-4.3,"-4.676683570188335,-4.3,-4.447676547364806,-4.46113758989557"
5.25,197,Human,1,0,2,347,-5.25,"-6.396754965430141,-5.250000000000059,-6.380818496359944,-6.372803755862285"
3.55,198,Human,1,13,37,348,-3.55,"-3.587471023901314,-3.55,-3.5863573996913374,-3.758416136965946"
4.383333333333334,201,Human,1,11,3,353,-4.383333333333334,"-4.752630236855001,-4.383333333333333,-4.684967904558512,-4.7542274052497895"
5.4,202,Human,0,4,20,354,-5.4,"-5.399999999999758,-5.5866745641981534,-5.466569597829894,-5.7441250797498835"
4.983333333333333,204,Human,0,4,20,356,-4.983333333333333,"-4.98333333333339,-5.268952271914359,-5.268663464496561,-5.298145843020688"
5.2,205,Human,0,4,20,357,-5.2,"-5.2000000000001485,-5.33955707191436,-5.300191997829895,-5.2430233704425255"
5.05,206,Human,0,4,20,359,-5.05,"-5.049999999999344,-5.347626405247692,-5.294006663954035,-5.312724703775859"
3.1666666666666665,207,Human,1,4,38,362,-3.1666666666666665,"-3.221665077910537,-3.1666666666666683,-3.4851333311284263,-3.2703318742293246"
4.2,208,Human,1,11,3,366,-4.2,"-4.291854462735419,-4.199999999999999,-4.2979432140314735,-4.471484256562237"
4.8,209,Human,0,4,20,368,-4.8,"-4.800000000000989,-5.2799581385810255,-5.220715731163228,-5.204082570442525"
3.0833333333333335,210,Human,0,35,3,370,-3.0833333333333335,"-3.0833333333333353,-3.1054926752681222,-3.105482904740335,-3.1066459477960287"
4.016666666666667,211,Human,1,11,3,374,-4.016666666666667,"-4.3848969035216685,-4.016666666666667,-4.473394571225179,-4.513983192693199"
3.316666666666667,212,Human,0,36,20,375,-3.316666666666667,"-3.3166666666666695,-3.3931309628587054,-3.720544676796404,-3.592679778792567"
3.966666666666667,213,Human,1,0,39,376,-3.966666666666667,"-5.043138134832563,-3.966666666666669,-5.0475548296016015,-4.842944834577792"
6.066666666666666,214,Human,1,16,10,377,-6.066666666666666,"-6.668295113375668,-6.066666666666672,-6.621027019001046,-6.647205244311669"
5.1,218,Human,1,8,9,381,-5.1,"-5.193937733392033,-5.100000000000005,-5.3177399767731774,-5.345650175672102"
4.4,220,Human,2,1,1,382,-4.4,"-4.415827492273796,-4.412036731951173,-4.3999999999999435,-4.41144329957396"
2.066666666666667,221,Human,3,37,41,383,-2.066666666666667,"-2.087328985254059,-2.0880265636480186,-2.1053028921984134,-2.066666666666667"
6.483333333333333,222,Human,0,8,9,383,-6.483333333333333,"-6.47592592595489,-6.62618802400223,-6.673254047041423,-6.616721919590127"
5.2,223,Human,1,11,3,384,-5.2,"-5.231250614349143,-5.199999999998973,-5.233651620467292,-5.206195545190315"
3.8833333333333333,224,Human,1,11,3,386,-3.8833333333333333,"-4.9030838730158095,-3.883333333333245,-4.9262966137071675,-4.925470274232252"
4.85,227,Human,0,38,10,390,-4.85,"-4.85000000000009,-5.110907920795871,-5.156556919431468,-5.2030138281239875"
4.383333333333334,228,Human,0,4,20,395,-4.383333333333334,"-4.38333333333328,-4.788631673226282,-4.7751216632758755,-4.760065879719823"
0.6333333333333333,229,Human,0,16,5,396,-0.6333333333333333,"-0.6333333333333334,-1.694644092338159,-1.0860939048045422,-1.2390377173187488"
4.9,231,Human,1,11,3,399,-4.9,"-5.218368521345981,-4.9,-4.998601593800625,-5.030185167487893"
4.666666666666667,232,Human,0,4,20,399,-4.666666666666667,"-4.666666666675984,-4.860717006559615,-4.904139997287368,-5.040111370442525"
4.516666666666667,233,Human,0,4,20,400,-4.516666666666667,"-4.516666666656997,-4.820189006559615,-4.847157118263916,-4.8573684563540205"
4.283333333333333,235,Human,0,4,20,403,-4.283333333333333,"-4.283333333334039,-4.914589591532852,-4.8777616632758765,-4.8068338797198225"
2.966666666666667,238,Human,0,39,9,413,-2.966666666666667,"-2.966666666666666,-3.102590961747061,-3.0753505106578274,-3.067186218475871"
4.283333333333333,240,Human,2,41,2,414,-4.283333333333333,"-4.460214763895302,-4.430660634988626,-4.283333333333391,-4.351618047238478"
3.35,243,Human,1,11,3,419,-3.35,"-4.623194221746762,-3.3499999999999996,-4.64198933898607,-4.615900437294242"
1.9166666666666667,244,Human,3,4,10,423,-1.9166666666666667,"-2.2690174697515646,-2.260541257918924,-2.4094584822774054,-1.9166666666666665"
6.033333333333333,245,Human,0,4,20,423,-6.033333333333333,"-6.018518518576898,-6.150206296691858,-6.072238078611132,-6.099189830199907"
4.316666666666666,246,Human,1,16,10,424,-4.316666666666666,"-5.4889034252700455,-4.31666666666667,-5.245560887274684,-5.440861702056251"
2.7666666666666666,248,Human,0,43,20,429,-2.7666666666666666,"-2.7666666666666675,-3.4978934952411493,-3.3326192235742393,-3.5218330362538115"
3.5166666666666666,249,Human,0,11,20,429,-3.5166666666666666,"-3.5166666666667235,-3.8725289591718615,-3.823027382183975,-3.908795925454416"
5.15,250,Human,1,16,10,434,-5.15,"-5.615098863317779,-5.142592592634231,-5.946721742817973,-5.418523132311668"
3.8,252,Human,0,11,20,438,-3.8,"-3.799999999990197,-3.891062292505195,-3.894094048850642,-3.9398359254544157"
4.483333333333333,253,Human,1,1,1,446,-4.483333333333333,"-4.60915386214316,-4.48333333333322,-4.52375030008845,-4.529150299949337"
4.683333333333334,254,Human,3,1,1,448,-4.683333333333334,"-4.91221930304786,-4.8381686805617905,-4.755672295714731,-4.683333333350236"
3.85,256,Human,0,11,20,450,-3.85,"-3.8500000000000676,-4.394769834004156,-4.280661905747181,-4.289382592121083"
4.266666666666667,258,Human,0,11,4,451,-4.266666666666667,"-4.2666666666666515,-4.2689371509044785,-4.318252059307142,-4.275480302393154"
4.816666666666666,259,Human,3,1,1,452,-4.816666666666666,"-5.306891020765664,-5.342666204444473,-5.292541105630871,-4.816666666666576"
1.3333333333333333,260,Human,0,31,2,453,-1.3333333333333333,"-1.3333333333333337,-1.4011332970913348,-1.7062506211988038,-1.9857952828359569"
4.816666666666666,262,Human,3,1,1,455,-4.816666666666666,"-5.396024264167365,-5.407384580551129,-5.4661224626660525,-4.816666666674054"
6.516666666666667,265,Human,0,4,5,459,-6.516666666666667,"-6.516666666620593,-6.539879944716702,-6.619230518297548,-6.551696550577701"
3.4166666666666665,266,Human,0,44,20,462,-3.4166666666666665,"-3.416666666666833,-3.485143395511121,-3.523724179745333,-3.5809305223509136"
4.316666666666666,269,Human,0,21,43,465,-4.316666666666666,"-4.316666666666579,-4.332123412398469,-4.359814406716525,-4.366144198409142"
1.1,271,Human,1,45,10,474,-1.1,"-1.2575271843319042,-1.0999999999999999,-1.1276765711912289,-1.117757798536425"
3.9166666666666665,272,Human,1,11,4,474,-3.9166666666666665,"-4.161250593952719,-3.9166666666665595,-4.336817842667408,-4.172775081416088"
5.116666666666666,273,Human,3,16,9,481,-5.116666666666666,"-5.195723679363755,-5.4876177147893,-5.2064049753361585,-5.1166666666668545"
6.116666666666666,274,Human,0,4,5,481,-6.116666666666666,"-6.12407407412205,-6.1642043671603375,-6.269288410062743,-6.1758479717946235"
1.2333333333333334,275,Human,0,2,2,482,-1.2333333333333334,"-1.2333333333333343,-1.310544909108352,-3.4010860355661343,-6.968603352067967"
2.6666666666666665,278,Human,0,46,3,487,-2.6666666666666665,"-2.6666666666666656,-2.7193365818609663,-2.7382808980606694,-2.786780854314368"
5.216666666666667,281,Human,3,1,1,495,-5.216666666666667,"-5.256405709537994,-5.249366292540181,-5.245010147932775,-5.209259259305057"
4.783333333333333,283,Human,0,4,20,500,-4.783333333333333,"-4.768518518575339,-4.8394378708648205,-4.876789374611133,-4.8569718424165504"
1.3,284,Human,0,48,3,504,-1.3,"-1.2999999999999998,-1.3469472742300663,-1.9859290008299932,-1.3189111440112404"
2.3833333333333333,285,Human,1,49,3,507,-2.3833333333333333,"-2.4358885550959477,-2.383333333333367,-2.4490472483449395,-2.4912618668777813"
3.7,287,Human,1,21,4,512,-3.7,"-3.9128549021267265,-3.6999999999999718,-3.9626435319873097,-3.914305831003388"
4.55,288,Human,0,50,12,515,-4.55,"-4.557407407350249,-4.651356401690431,-4.6679578898439,-4.694743902492069"
2.3,289,Human,0,22,20,515,-2.3,"-2.2999999999999448,-2.626546729274864,-2.535587323482309,-2.538964294717167"
4.233333333333333,291,Human,1,16,10,517,-4.233333333333333,"-5.263354750938586,-4.2407407407216295,-5.422027774625035,-5.148082410619102"
3.0833333333333335,292,Human,1,7,1,521,-3.0833333333333335,"-3.2377573386712326,-3.083333333333338,-3.1216176347656366,-3.382987014106191"
2.0166666666666666,293,Human,0,16,46,521,-2.0166666666666666,"-2.0166666666666657,-2.0578036231051096,-2.104405618074444,-2.0424836889399387"
2.65,295,Human,0,11,20,524,-2.65,"-2.649999999999979,-2.9744706233825418,-3.2095219513291275,-3.1090545419031543"
5.433333333333334,296,Human,0,4,5,524,-5.433333333333334,"-5.433333333398135,-5.456192672686557,-5.443379646919928,-5.60223818059985"
3.9833333333333334,298,Human,0,11,47,528,-3.9833333333333334,"-3.983333333333338,-4.322810286984196,-4.361197249027024,-4.417448603536178"
4.0,299,Human,2,11,5,529,-4.0,"-5.016638936948175,-4.999886237941989,-3.9999999999852456,-5.044570903624764"
1.9833333333333334,300,Human,0,51,20,531,-1.9833333333333334,"-1.9833333333332785,-2.1732302320496233,-2.2546072032844817,-2.2408563045088448"
3.4166666666666665,301,Human,0,4,20,533,-3.4166666666666665,"-3.431481481386811,-4.231758671914359,-4.207252264930583,-4.252268083020687"
5.3,302,Human,0,4,5,534,-5.3,"-5.292592592672719,-5.317944134226132,-5.375097394061221,-5.312023506539969"
5.316666666666666,303,Human,0,4,5,536,-5.316666666666666,"-5.331481481371135,-5.373864606683364,-5.504406618117414,-5.372768403096738"
4.216666666666667,304,Human,0,11,20,537,-4.216666666666667,"-4.201851851911317,-4.246617493762661,-4.286490551260712,-4.244812207165995"
3.8833333333333333,305,Human,0,17,5,541,-3.8833333333333333,"-3.883333333333336,-4.310015889990266,-4.307309931746925,-4.327970847567825"
4.133333333333334,306,Human,0,11,20,546,-4.133333333333334,"-4.1185185185785285,-4.335298533869992,-4.39762190574718,-4.314710992290826"
4.716666666666667,308,Human,0,17,5,548,-4.716666666666667,"-4.716666666667015,-4.841741767675017,-4.82266296238776,-4.817405678910155"
6.35,310,Human,1,11,5,551,-6.35,"-6.428802744330871,-6.357407407470632,-6.418674531251849,-6.423079697214047"
6.466666666666667,311,Human,0,4,5,552,-6.466666666666667,"-6.466666666736257,-6.479841818087337,-6.627429145883075,-6.480047922431697"
2.35,312,Human,3,52,20,555,-2.35,"-2.5082064669843915,-2.5098125093149477,-2.5212234834598695,-2.3499999999999437"
4.833333333333333,313,Human,3,0,2,562,-4.833333333333333,"-5.3388856945321805,-5.3545146567073045,-5.339252389121869,-4.825925926046178"
2.8666666666666667,315,Human,0,0,3,564,-2.8666666666666667,"-2.866666666669254,-2.8979780326686857,-2.9029229049815153,-2.9001463136657435"
2.816666666666667,317,Human,0,0,3,572,-2.816666666666667,"-2.8166666666692284,-2.8903405408358567,-2.8810176312268934,-2.822893895394067"
3.65,318,Human,0,11,20,573,-3.65,"-3.635185185242568,-4.0394622925051955,-3.982326553011529,-3.9055355256241597"
6.766666666666667,320,Human,0,36,16,579,-6.766666666666667,"-6.751851851874295,-6.843381159455155,-7.026306718413235,-6.79122983702691"
3.0,321,Human,0,39,9,588,-3.0,"-2.999999999996722,-3.1692718688514527,-3.1237505106578274,-3.148519551809205"
2.183333333333333,322,Human,0,8,49,593,-2.183333333333333,"-2.1833333333445513,-2.225849349652028,-2.3337058795296377,-2.2395184122102236"
1.0666666666666667,323,Human,0,4,50,593,-1.0666666666666667,"-1.0666666666666331,-1.1668958349633094,-1.191131437525106,-1.192731740863894"
5.683333333333334,324,Human,0,4,5,599,-5.683333333333334,"-5.6759259259576575,-5.697783023416794,-5.8660103985853995,-5.693559663427433"
0.55,327,Human,0,16,5,606,-0.55,"-0.5500000000000004,-1.694644092338159,-1.0860939048045422,-1.2390377173187488"
4.1,328,Human,0,7,10,607,-4.1,"-4.1074074074324445,-4.429056248037055,-4.5739855384356005,-4.487477734642885"
5.133333333333334,330,Human,0,7,10,611,-5.133333333333334,"-5.133333333415891,-5.147514117276554,-5.156882963551865,-5.177337209024714"
3.95,331,Human,0,7,9,613,-3.95,"-3.4833333348129325,-3.871462595560164,-3.8198396738207285,-3.8806480430090584"
5.15,332,Human,0,7,10,614,-5.15,"-5.164814814728792,-5.180878100590672,-5.1853943347432825,-5.211200402735561"
3.1166666666666667,333,Human,2,0,51,615,-3.1166666666666667,"-3.5535851868866355,-3.5567631730363187,-3.109259259437078,-3.558350625366475"
5.183333333333334,334,Human,2,7,10,616,-5.183333333333334,"-5.183332939445496,-5.216394340050115,-5.183332950809964,-5.196130816720715"
3.933333333333333,336,Human,0,7,9,618,-3.933333333333333,"-3.933333333411334,-4.023976223116872,-4.047424748329859,-3.974465434509241"
4.2,339,Human,3,11,4,637,-4.2,"-4.205204518199119,-4.204070072586017,-4.316142303334259,-4.19259259258056"
3.6666666666666665,340,Human,0,55,20,645,-3.6666666666666665,"-3.666666666650407,-3.9219246304482924,-3.8409633688579827,-3.9498539108521746"
5.183333333333334,341,Human,0,17,5,645,-5.183333333333334,"-5.190740740772057,-5.322104552953593,-5.367634316097929,-5.350922859866051"
5.133333333333334,344,Human,1,0,53,667,-5.133333333333334,"-5.257919087265224,-5.133333333330654,-5.185596101702865,-5.240921686653616"
1.1666666666666667,348,Human,0,58,3,674,-1.1666666666666667,"-1.1740740740351328,-1.260118627724668,-1.5547920824197208,-1.4682393475748827"
4.216666666666667,349,Human,0,7,10,675,-4.216666666666667,"-4.216666666667889,-4.302725581370388,-4.510909671423699,-4.420700501636939"
4.0,350,Human,0,4,40,676,-4.0,"-3.9925925926655372,-4.190253979921373,-4.22257102644605,-4.205124249137972"
4.233333333333333,352,Human,0,7,10,676,-4.233333333333333,"-4.307407406952786,-4.59327806509631,-4.703656338090364,-4.425207168303606"
3.316666666666667,353,Human,0,7,9,678,-3.316666666666667,"-3.324074074046435,-3.9460952568934973,-3.7397796020789893,-3.734170700843988"
2.5,354,Human,0,0,3,679,-2.5,"-2.507407407363774,-2.597966331489633,-2.6155573679041986,-2.519308464759897"
3.0,355,Human,0,7,55,680,-3.0,"-2.999999999984941,-3.0776686167627605,-3.0782423614110876,-3.0090000177830794"
4.033333333333333,356,Human,1,13,56,680,-4.033333333333333,"-4.105840220044417,-4.033333333337679,-4.103351754559096,-4.101355438326726"
2.433333333333333,358,Human,0,0,3,680,-2.433333333333333,"-2.4407407406868535,-2.8677063985250397,-2.8757792276566922,-2.617931354546752"
7.05,359,Human,1,8,10,681,-7.05,"-7.140106427097751,-7.057407466975902,-7.136118001593925,-7.283678120776005"
4.216666666666667,361,Human,0,7,10,684,-4.216666666666667,"-4.172222222254446,-4.530192248037055,-4.477479502748481,-4.572133734642884"
3.283333333333333,362,Human,2,59,10,686,-3.283333333333333,"-3.2953814605241143,-3.3250443928799736,-3.2833333333540744,-3.438563601903252"
4.133333333333334,363,Human,0,7,10,686,-4.133333333333334,"-4.103703704129207,-4.560137873256167,-4.558682849839289,-4.549488401309551"
5.516666666666667,364,Human,3,17,5,686,-5.516666666666667,"-5.511267115454139,-5.511464977750202,-5.511243837963087,-5.509259259271686"
3.066666666666667,366,Human,0,7,9,691,-3.066666666666667,"-3.029629629856787,-3.424190278021204,-3.5516622687456563,-3.4935769011759064"
3.4833333333333334,367,Human,2,7,58,692,-3.4833333333333334,"-3.4957922494291007,-3.4887604769308815,-3.4685185186022114,-3.489729331173857"
2.033333333333333,368,Human,0,47,2,693,-2.033333333333333,"-2.040740740712526,-2.195957550153827,-2.1307075746065167,-2.1279341310375846"
2.3833333333333333,369,Human,0,60,5,694,-2.3833333333333333,"-2.3833333333409943,-2.400482456475456,-2.4359533071488877,-2.5144636256230357"
4.083333333333333,370,Human,0,7,10,694,-4.083333333333333,"-4.105555555217258,-4.745858078743715,-4.747954818435601,-4.776223830171446"
2.95,374,Human,0,7,9,699,-2.95,"-2.9277777781669245,-3.5954793107751386,-3.5765532816631915,-3.7293667678425737"
2.066666666666667,375,Human,0,0,3,706,-2.066666666666667,"-2.118518518880204,-2.2557912476953743,-2.277780043213581,-2.2183083121087113"
5.033333333333333,378,Human,0,7,10,711,-5.033333333333333,"-5.025925925946722,-5.33691966509631,-5.2419283230445,-5.226464401309553"
5.066666666666666,379,Human,0,17,5,714,-5.066666666666666,"-5.066666666738961,-5.432602556656932,-5.436915265080259,-5.459810847567826"
1.15,380,Human,0,61,2,715,-1.15,"-1.1500000000144286,-1.2191972212931248,-3.742237715820669,-1.2739179329039032"
5.0,381,Human,0,62,2,721,-5.0,"-5.022222222125986,-5.496796117664995,-5.32639911195555,-5.349035473684363"
3.933333333333333,382,Human,1,11,3,726,-3.933333333333333,"-3.9976028561506682,-3.9333333333473166,-4.113714571225178,-3.966501924199832"
3.6333333333333333,383,Human,0,63,5,726,-3.6333333333333333,"-3.640740740706288,-4.069148086200643,-4.130356520000658,-4.0346695921466065"
4.116666666666666,385,Human,1,0,59,729,-4.116666666666666,"-4.240949464344209,-4.116666666694117,-4.128816755783943,-4.173155033610632"
5.4,386,Human,1,11,3,732,-5.4,"-5.5979015228173346,-5.3999999999591095,-5.6275903236468094,-5.488513914154559"
2.8833333333333333,388,Human,0,66,1,736,-2.8833333333333333,"-2.8833333333891447,-2.9112284564723674,-2.9158317795080597,-2.9509483386178093"
2.6333333333333333,389,Human,0,16,12,738,-2.6333333333333333,"-2.6333333334021534,-2.8258465590988013,-2.783881221891204,-2.962439886249676"
4.65,391,Human,0,67,5,746,-4.65,"-4.650000000008825,-5.350323914202631,-5.438961550744127,-5.393533687245207"
2.3833333333333333,392,Human,1,68,2,751,-2.3833333333333333,"-2.4474116811204256,-2.390740740779073,-2.5295714221757817,-2.4739954662354506"
0.85,393,Human,0,69,12,752,-0.85,"-0.8499999999921186,-2.1600544465446365,-1.3885305021936782,-1.3882303821456592"
0.6666666666666666,395,Human,0,16,5,752,-0.6666666666666666,"-0.6666666666693658,-1.694644092338159,-1.0860939048045422,-1.2390377173187488"
3.7333333333333334,398,Human,3,7,4,769,-3.7333333333333334,"-3.7463840223384155,-3.7576525277552006,-3.772253978447272,-3.7407407407501543"
2.95,399,Human,0,7,9,770,-2.95,"-2.9500000000376163,-2.967102471802256,-3.0011007853105247,-3.0998778017758584"
3.7666666666666666,400,Human,3,7,4,772,-3.7666666666666666,"-3.8218462094065977,-3.8163397030950486,-3.8282058153548837,-3.7888888887514827"
5.783333333333333,402,Human,0,0,5,775,-5.783333333333333,"-5.78333333352543,-6.061437632617366,-5.981747289960481,-6.1818297953745915"
1.9333333333333333,403,Human,0,4,4,775,-1.9333333333333333,"-1.9259259259800805,-2.8383459019363038,-2.747466595567377,-2.9868782892044896"
5.666666666666667,405,Human,1,0,2,776,-5.666666666666667,"-5.9486164999649525,-5.688888710538594,-5.931616115161951,-5.941170925523735"
2.3333333333333335,407,Human,3,0,3,778,-2.3333333333333335,"-2.3452916193316944,-2.5646329981562994,-2.592224034570865,-2.3333333333540383"
3.5,409,Human,2,11,60,779,-3.5,"-3.802681472877128,-3.8489466634829026,-3.4851851852149265,-3.974786457016212"
3.0166666666666666,411,Human,0,7,9,780,-3.0166666666666666,"-3.0166666667330104,-3.285769138468923,-3.222347294915086,-3.1629564598032163"
3.683333333333333,414,Human,3,7,4,782,-3.683333333333333,"-3.6904595631611183,-3.693383086391198,-3.690188963947926,-3.6833333333124605"
1.8333333333333333,415,Human,0,4,4,783,-1.8333333333333333,"-1.8333333418842073,-3.177286567959099,-3.1707853192355904,-3.3029692980302583"
3.65,417,Human,3,7,4,786,-3.65,"-3.653607769283035,-3.6538641427873246,-3.653766282503931,-3.6499999999770183"
1.5666666666666667,418,Human,0,0,23,787,-1.5666666666666667,"-1.566666666579426,-1.7762723838569574,-1.7657390756666933,-1.9343259589160755"
4.083333333333333,419,Human,0,7,10,788,-4.083333333333333,"-4.075925925838934,-4.493966065096311,-4.446925070472292,-4.402261734642885"
4.383333333333334,420,Human,1,11,3,789,-4.383333333333334,"-4.417680151587201,-4.39074074070962,-4.455207632373834,-4.504474928548468"
5.483333333333333,422,Human,0,0,5,794,-5.483333333333333,"-5.48333328669814,-6.294217090778327,-6.161527865574709,-6.505197388606131"
2.1,425,Human,3,0,3,797,-2.1,"-2.3279160661103946,-2.2557912476953743,-2.277780043213581,-2.099999999988392"
5.5,427,Human,0,0,5,801,-5.5,"-5.500000001124148,-6.304721587651748,-6.411816932241376,-6.326642595374592"
5.433333333333334,428,Human,0,0,5,802,-5.433333333333334,"-5.433333334477599,-6.53242161305522,-6.786183865574709,-6.550503412888811"
5.45,429,Human,0,0,5,803,-5.45,"-5.450000006894615,-6.7499951988661415,-6.680227732459767,-6.700195244218239"
4.583333333333333,430,Human,1,1,1,803,-4.583333333333333,"-4.692648743047861,-4.583333333273886,-4.709223540081117,-4.64860190582829"
5.5,431,Human,0,0,5,804,-5.5,"-5.500000001440377,-6.723221921969914,-6.820521471301147,-6.785650721939464"
6.883333333333334,434,Human,1,0,5,807,-6.883333333333334,"-6.972999493085752,-6.868518471045891,-7.164125198908043,-7.246920577551573"
6.8,435,Human,0,0,2,811,-6.8,"-6.807407395548652,-6.984021415988312,-6.957194846607215,-7.098576990238001"
6.616666666666666,436,Human,2,1,10,814,-6.616666666666666,"-6.618084470674582,-6.819844188706493,-6.616666666610824,-7.0799986485143656"
5.016666666666667,439,Human,3,71,2,816,-5.016666666666667,"-5.128832118568736,-5.195385059721387,-5.136572793413983,-5.01666666684423"
6.7,442,Human,0,0,2,818,-6.7,"-6.65555560343023,-6.969136879537821,-6.893388583570317,-7.050381592190401"
3.1,443,Human,0,4,20,820,-3.1,"-3.0999999998666437,-3.1007883907865845,-3.2572428319190285,-3.1367754224930553"
6.583333333333333,444,Human,2,1,10,822,-6.583333333333333,"-6.731788806061389,-6.651346308791723,-6.583333333330789,-6.80497275555522"
2.7,446,Human,0,0,62,824,-2.7,"-2.6925925925006755,-2.75837578260616,-2.8355007491443835,-2.859947394638927"
3.566666666666667,447,Human,0,72,20,832,-3.566666666666667,"-3.5740740741057473,-3.7882428937601142,-3.798971437499983,-3.9005534092488547"
1.6333333333333333,448,Human,0,73,2,833,-1.6333333333333333,"-1.6333333333531421,-1.9106750115452948,-1.7118149318762783,-1.7497385131158296"
3.466666666666667,449,Human,3,8,63,840,-3.466666666666667,"-3.4851160311228826,-3.5099901750449285,-3.5047391964238157,-3.4666666666799295"
4.133333333333334,452,Human,0,4,20,852,-4.133333333333334,"-4.1407407407372805,-4.236270322749399,-4.184768745761511,-4.291282349649778"
4.733333333333333,455,Human,1,4,3,859,-4.733333333333333,"-4.793398610457787,-4.733333333373654,-4.810440995420541,-4.796498582838314"
5.65,457,Human,0,17,5,861,-5.65,"-5.649999999960084,-5.8076745566569326,-5.832125278730874,-5.65971128393239"
2.7666666666666666,459,Human,0,7,9,861,-2.7666666666666666,"-2.766666666692148,-3.0874739774418054,-3.3015472949150872,-3.113911126469883"
7.416666666666667,462,Human,1,1,10,864,-7.416666666666667,"-7.534126851634744,-7.431481417938623,-7.568261615548319,-7.535990324217151"
4.933333333333334,463,Human,3,1,1,866,-4.933333333333334,"-5.0789954797637655,-5.034088748540928,-5.045506085287038,-4.933333440705564"
4.15,464,Human,2,75,1,869,-4.15,"-4.206280012462659,-4.291079021988753,-4.150000000045888,-4.248430819988183"
3.75,465,Human,1,7,1,870,-3.75,"-3.894557338671233,-3.7351852448387195,-3.812635286250008,-3.7923896112849533"
2.466666666666667,468,Human,1,21,39,874,-2.466666666666667,"-2.5867255856928812,-2.451851851882018,-2.5461283260604457,-2.6064476017736116"
5.1,469,Human,2,4,2,875,-5.1,"-5.238340889852769,-5.2482288101812085,-5.144444158279988,-5.23353487496783"
2.5166666666666666,473,Human,2,67,67,884,-2.5166666666666666,"-2.5273605183276278,-2.514843998283491,-2.509259259042276,-2.541384660839677"
4.866666666666666,478,Human,3,1,1,892,-4.866666666666666,"-5.118906105262339,-5.102250977956135,-5.160983360256954,-4.8888887579788"
3.8666666666666667,479,Human,3,8,0,894,-3.8666666666666667,"-3.9156070673155776,-3.92331487469888,-3.9234002598922224,-3.8740740144123382"
2.95,482,Human,1,11,69,895,-2.95,"-3.0179324633605806,-2.957407407447171,-3.1075431080902476,-3.191430719577295"
3.0166666666666666,483,Human,0,8,70,896,-3.0166666666666666,"-3.016666666602885,-3.041962689064107,-3.1674252771242415,-3.046325802891351"
4.983333333333333,484,Human,3,1,1,896,-4.983333333333333,"-5.80998050437549,-5.885071625602856,-5.8262536189281615,-5.005555545614847"
6.35,489,Human,1,1,1,899,-6.35,"-5.931727940373706,-5.646295969809177,-5.976733130065968,-5.922150257074684"
4.966666666666667,490,Human,2,4,5,900,-4.966666666666667,"-5.089503969752115,-5.090917945376655,-4.966666559269581,-5.095901622018611"
3.433333333333333,491,Human,0,77,10,901,-3.433333333333333,"-3.433333393051945,-3.7191500374620907,-3.683190460821437,-3.7663430502907183"
6.616666666666666,495,Human,0,0,2,904,-6.616666666666666,"-6.016666866574679,-6.470855387641515,-6.555734073728482,-6.681058925523734"
6.683333333333334,496,Human,0,0,2,905,-6.683333333333334,"-6.69074058928928,-6.861705255907465,-6.888024513170316,-6.999483224961189"
6.35,499,Human,1,0,2,907,-6.35,"-6.559516983938052,-6.350000239277243,-6.5895253696103,-6.62905600453482"
6.316666666666666,500,Human,2,4,5,908,-6.316666666666666,"-6.36490622526496,-6.359757878502925,-6.311200959237442,-6.368313160171767"
6.616666666666666,501,Human,0,0,5,911,-6.616666666666666,"-6.6314814815341725,-7.045005733838911,-6.943887960014214,-6.959688274965125"
3.0833333333333335,502,Human,0,0,3,911,-3.0833333333333335,"-3.083333333463019,-3.1475350093781547,-3.241778705700283,-3.125293039482727"
6.7,503,Human,2,1,10,912,-6.7,"-7.776242386996906,-7.785860063598358,-6.6999999528386835,-7.7731549045454535"
4.65,505,Human,3,1,1,918,-4.65,"-5.517690539023344,-5.590341540960581,-5.55575037423278,-5.057404249204886"
2.95,507,Human,0,16,71,921,-2.95,"-2.9499999522085387,-3.0188840230116525,-3.0273154666618276,-3.053442687370125"
2.95,508,Human,0,0,3,922,-2.95,"-2.9500000001079902,-3.0337063985250396,-3.047779227656692,-2.978663001821116"
6.583333333333333,509,Human,0,0,5,923,-6.583333333333333,"-6.585760544851702,-7.444430648543398,-7.366755055258189,-7.368925122232257"
1.8333333333333333,511,Human,0,0,12,925,-1.8333333333333333,"-1.7814814811910415,-1.7889970437342793,-2.0349812123159734,-1.9973901759014077"
5.866666666666666,514,Human,3,24,10,931,-5.866666666666666,"-5.8971521837364325,-5.897960020004295,-6.181409440560487,-5.872132389763415"
2.8333333333333335,515,Human,0,0,3,932,-2.8333333333333335,"-2.833333333385664,-2.9790397318583732,-2.984445894323359,-2.859707353991599"
3.0,517,Human,0,79,1,942,-3.0,"-3.0074074551957177,-3.2489171058270157,-3.102295393847852,-3.0622530562981156"
4.333333333333333,519,Human,0,81,2,944,-4.333333333333333,"-4.348148351734469,-5.746499820558895,-5.586839693904945,-5.63592979368084"
5.166666666666667,520,Human,3,1,1,948,-5.166666666666667,"-5.313090846897671,-5.312465552777716,-5.314770545534602,-5.174073497853166"
7.333333333333333,523,Human,2,1,10,957,-7.333333333333333,"-7.380650801958682,-7.380703819750803,-7.332459520028959,-7.380339790309657"
4.95,526,Human,3,1,1,964,-4.95,"-5.08155614289371,-5.0846254350755125,-5.106298598291144,-4.972221936098163"
4.95,527,Human,3,1,1,966,-4.95,"-5.083628649078549,-5.08438936420322,-5.081402140514159,-4.972221860815598"
4.95,528,Human,3,1,1,968,-4.95,"-5.103725739774206,-5.085846392475575,-5.0876751170762455,-4.96481466432723"
5.05,530,Human,3,1,1,970,-5.05,"-5.364544162527436,-5.207088208035542,-5.224420738116634,-5.0722218350437664"
4.333333333333333,531,Human,1,11,3,973,-4.333333333333333,"-4.451455084920534,-4.333333392987152,-4.487581237891845,-4.648144164821226"
5.216666666666667,532,Human,3,1,1,973,-5.216666666666667,"-5.657852503918679,-5.6582152846116145,-5.655801442399716,-5.201851425849874"
1.6666666666666667,534,Human,0,82,1,976,-1.6666666666666667,"-1.6666666666795056,-2.191654282816058,-1.883164031224354,-2.6100259542129614"
4.25,535,Human,1,11,3,978,-4.25,"-4.284908951587201,-4.249999999967736,-4.3130151922507824,-4.296312612821225"
5.066666666666666,536,Human,1,55,5,981,-5.066666666666666,"-6.329559709394827,-5.066666666667652,-6.279642356821139,-6.3292825623556865"
5.316666666666666,537,Human,0,4,5,984,-5.316666666666666,"-5.333034901165895,-5.670261112358436,-5.424420587303594,-5.47180589096048"
5.183333333333334,540,Human,0,11,5,990,-5.183333333333334,"-5.183333333563726,-5.33909195873475,-5.410433631783443,-5.546359703624764"
4.016666666666667,541,Human,1,11,3,994,-4.016666666666667,"-4.213321129402085,-4.016666678537486,-4.26220988069814,-4.1715553207027956"
6.7,543,Human,2,1,10,1000,-6.7,"-7.72731911037436,-7.791009131875434,-6.699999952269206,-7.754822374198786"
6.633333333333334,545,Human,0,4,5,1002,-6.633333333333334,"-6.623984118639785,-6.686273787773506,-6.824076831314228,-6.690759494735476"
4.783333333333333,547,Human,3,1,1,1002,-4.783333333333333,"-5.486454624756443,-5.5106767843954145,-5.481919531052034,-4.78333282042067"
6.216666666666667,550,Human,1,11,5,1004,-6.216666666666667,"-6.307399381075082,-6.234102378858642,-6.322991856927763,-6.306836348713144"
2.5166666666666666,555,Human,0,11,55,1010,-2.5166666666666666,"-2.5240741814439835,-2.7083797648188153,-2.717682959463962,-2.6543962935581615"
8.133333333333333,557,Human,0,17,3,1014,-8.133333333333333,"-8.134576062495967,-8.222849846495368,-8.209622698355634,-8.215793933514847"
4.533333333333333,558,Human,0,4,76,1016,-4.533333333333333,"-4.553613679302897,-4.9374598210997505,-4.752329529390999,-4.686484320986231"
2.716666666666667,559,Human,0,84,1,1019,-2.716666666666667,"-2.7018518998324232,-3.0023478842119964,-2.870432822834273,-2.869023651957467"
2.6666666666666665,560,Human,0,0,77,1020,-2.6666666666666665,"-2.68148137402869,-2.7680537753175836,-2.7328215841549834,-2.785462370612753"
0.6833333333333333,561,Human,0,16,5,1024,-0.6833333333333333,"-0.683333333327125,-1.694644092338159,-1.0860939048045422,-1.2390377173187488"
5.9,562,Human,2,11,2,1029,-5.9,"-5.951396170116389,-5.955007947213224,-5.349428991791719,-5.947670176365937"
5.1,563,Human,3,4,52,1033,-5.1,"-5.348715040948164,-5.346379572099266,-5.354046678861587,-5.171890734909098"
6.983333333333333,565,Human,2,1,10,1041,-6.983333333333333,"-7.094774393737588,-7.074815807181326,-6.444368339091906,-7.106276101755809"
5.016666666666667,566,Human,3,1,1,1044,-5.016666666666667,"-5.1523245388601895,-5.134689705746604,-5.129717667309534,-5.025627421893146"
5.933333333333334,568,Human,1,4,5,1047,-5.933333333333334,"-5.939555322116687,-5.916770770701827,-6.067914627827264,-5.944871839954944"
6.766666666666667,575,Human,2,1,10,1056,-6.766666666666667,"-6.9857966844211585,-6.990762916340529,-6.746994100863523,-7.006860416086282"
4.85,576,Human,3,1,1,1058,-4.85,"-5.044094240318218,-5.033388236050586,-5.035475082880655,-4.855465561582151"
4.0,577,Human,1,21,79,1060,-4.0,"-4.134317000468673,-4.012872923480695,-4.321113350855101,-4.187302940487701"
1.5333333333333334,580,Human,0,21,80,1062,-1.5333333333333334,"-1.5407407765310328,-2.263168348692969,-2.166658297588294,-2.0090353347962657"
3.0833333333333335,582,Human,0,7,1,1064,-3.0833333333333335,"-3.075926009404611,-4.889664496939265,-5.0450039165333385,-5.0891453512223706"
3.8,583,Human,0,1,81,1065,-3.8,"-3.8518519106958955,-3.879712848609613,-3.886183437553602,-4.096954897039603"
5.35,584,Human,2,11,5,1066,-5.35,"-5.446686155017517,-5.531580966680429,-5.350000059654702,-5.448058377292383"
1.95,585,Human,3,0,3,1070,-1.95,"-2.248458686066941,-2.2557912476953743,-2.277780043213581,-1.9500000000000184"
1.9333333333333333,588,Human,0,13,82,1075,-1.9333333333333333,"-1.9185184826338402,-1.9214713607278548,-2.0110271034259632,-2.039521962852816"
2.316666666666667,589,Human,0,17,16,1075,-2.316666666666667,"-2.3462962965303227,-2.4229958399838845,-2.4110277003529994,-2.4727507044999375"
4.95,590,Human,2,4,5,1078,-4.95,"-5.327958279896501,-5.341477999169001,-4.975357573381812,-5.331658814956967"
4.55,591,Human,0,13,4,1078,-4.55,"-4.548932081273284,-4.561870418672425,-4.562728574192409,-4.562590462539696"
5.383333333333334,592,Human,1,4,5,1080,-5.383333333333334,"-5.414735643006319,-5.3630530761859445,-5.470507951450747,-5.412681819064889"
4.983333333333333,593,Human,0,4,12,1081,-4.983333333333333,"-4.985760661404252,-5.014396010413664,-5.010780779952864,-5.008665919454814"
3.6166666666666667,596,Human,1,87,5,1090,-3.6166666666666667,"-3.9213278949954566,-3.6018517923631492,-4.0157822698382155,-4.059092281806144"
5.266666666666667,597,Human,1,17,5,1090,-5.266666666666667,"-5.288911576222358,-5.265792755248801,-5.285724944706503,-5.286007310711078"
5.366666666666666,599,Human,1,4,3,1092,-5.366666666666666,"-5.5823637297389,-5.365210247176602,-5.389080995420541,-5.560894302351531"
2.4,601,Human,2,11,83,1095,-2.4,"-2.4300182393033216,-2.6323129142474357,-2.4000000596635234,-2.5838961555075595"
3.783333333333333,602,Human,1,11,3,1098,-3.783333333333333,"-4.652763570188334,-3.7907407406938796,-4.728544990313477,-4.7381637908664995"
5.35,603,Human,1,11,3,1100,-5.35,"-5.584392189484002,-5.354854592257573,-5.611307656980143,-5.5548247385831235"
2.6666666666666665,605,Human,1,89,2,1107,-2.6666666666666665,"-2.9441397005166365,-2.6690937488626516,-2.7049446704527744,-2.738522720823391"
5.583333333333333,606,Human,3,1,1,1107,-5.583333333333333,"-5.592961919154605,-5.594819034902719,-5.593791854304018,-5.5892838072307125"
4.05,609,Human,3,16,30,1113,-4.05,"-4.066123158855918,-4.051200974887231,-4.063673929832841,-4.046019144253773"
5.083333333333333,611,Human,1,4,3,1118,-5.083333333333333,"-5.1412233277170305,-5.086246014399215,-5.183267662087207,-5.364573877939414"
5.983333333333333,612,Human,0,92,2,1119,-5.983333333333333,"-5.975922794330494,-6.0833537571207845,-6.015247657751078,-5.9911232449394705"
4.916666666666667,613,Human,1,4,3,1121,-4.916666666666667,"-5.018562711759651,-4.9190936674065755,-5.1052412563219844,-5.005679369018197"
4.883333333333334,614,Human,1,4,3,1123,-4.883333333333334,"-5.085650129738901,-4.883333476557876,-4.945903127724255,-4.944593430838313"
5.65,615,Human,2,0,2,1124,-5.65,"-5.88927342781801,-5.858250750592418,-5.646504919158238,-5.869747043503251"
3.8666666666666667,616,Human,3,4,84,1124,-3.8666666666666667,"-4.082476538887561,-3.9457600304942755,-4.503163861024856,-3.881258816127543"
2.466666666666667,618,Human,0,0,3,1128,-2.466666666666667,"-2.4666666666505908,-2.597966331489633,-2.6155573679041986,-2.478140809047985"
7.033333333333333,619,Human,1,17,20,1131,-7.033333333333333,"-7.5120219987874055,-7.188815389877064,-7.492891005860352,-7.648036865516969"
4.683333333333334,620,Human,1,11,3,1132,-4.683333333333334,"-4.711776886410118,-4.051282981988862,-4.739211679935403,-4.689532997711135"
8.05,621,Human,2,17,86,1133,-8.05,"-8.755405019388984,-8.80992262019542,-8.451004524349017,-8.871553674949075"
5.516666666666667,623,Human,0,4,2,1140,-5.516666666666667,"-5.498745120690393,-5.519909170702641,-5.577808719409118,-5.516285653726082"
3.066666666666667,626,Human,1,11,3,1144,-3.066666666666667,"-4.442795574349143,-3.6880191480287112,-4.422948005707168,-4.431287536377801"
4.333333333333333,627,Human,1,94,3,1152,-4.333333333333333,"-4.418894398217017,-4.339634929681554,-4.423787540334202,-4.376277249444562"
4.466666666666667,628,Human,1,4,3,1152,-4.466666666666667,"-4.713351995506958,-4.468831064741251,-4.694334328753874,-4.54926550235153"
4.383333333333334,629,Human,1,4,3,1155,-4.383333333333334,"-5.418711635032896,-4.384207022220404,-5.340798637593698,-5.346867144450551"
5.433333333333334,630,Human,0,16,9,1157,-5.433333333333334,"-5.459079339911498,-5.605162349972122,-5.555310238709819,-5.545224453186518"
4.416666666666667,632,Human,1,4,3,1158,-4.416666666666667,"-5.814249408312578,-4.410749038947432,-5.7863104505077185,-6.093412917232932"
3.3666666666666667,635,Human,0,95,1,1163,-3.3666666666666667,"-3.358385688156667,-3.7827233012396624,-3.710505179557785,-3.6719009417518205"
1.9166666666666667,637,Human,3,0,3,1164,-1.9166666666666667,"-2.00406174930466,-2.2557912476953743,-2.277780043213581,-1.9147247886914294"
7.316666666666666,638,Human,0,96,3,1167,-7.316666666666666,"-7.348008209158836,-7.450139965429045,-7.511319881391737,-7.448584028136269"
2.6,639,Human,1,51,3,1167,-2.6,"-2.6410457682898647,-2.59844660174889,-2.660640011191806,-2.6121008346036527"
5.566666666666666,642,Human,1,4,3,1173,-5.566666666666666,"-5.759933328840292,-5.545754502212888,-5.6617714630031,-5.605278001881224"
4.4,643,Human,3,11,4,1173,-4.4,"-4.427707116288815,-4.4275020099099365,-4.789311212501158,-4.390165396693991"
5.483333333333333,645,Human,1,4,3,1176,-5.483333333333333,"-5.591617063072233,-5.459678364018737,-5.586469629655317,-5.545967395337318"
5.2,646,Human,0,4,76,1177,-5.2,"-5.200462502922294,-5.450526487766417,-5.363088580340102,-6.009187456788984"
4.833333333333333,647,Human,0,11,2,1179,-4.833333333333333,"-4.883990928942687,-5.053775861386629,-4.943037239903906,-5.175057616820828"
3.0833333333333335,648,Human,3,0,3,1182,-3.0833333333333335,"-3.1183362831802883,-3.1426614234682826,-3.167484137318546,-3.0824595199617515"
8.066666666666666,652,Human,2,17,3,1198,-8.066666666666666,"-8.384232937650468,-8.276688362211996,-8.087662453969351,-8.262299244950835"
5.7,655,Human,1,64,20,1208,-5.7,"-6.266590555349946,-5.915299841627137,-6.257726714220627,-6.282549818324306"
4.85,656,Human,1,4,3,1211,-4.85,"-5.4347633037911205,-4.864814783527968,-5.469516987756922,-5.301935775322379"
2.95,657,Human,0,7,9,1212,-2.95,"-2.9499999615787402,-2.9919593107751385,-2.988227602078989,-2.9977955747540204"
4.4,658,Human,0,11,65,1212,-4.4,"-4.414815056728151,-4.538593751490532,-4.495120234235742,-4.732285849267066"
3.05,660,Human,0,7,9,1215,-3.05,"-3.0554656276556202,-3.100284644108472,-3.35368062824842,-3.1853884598032165"
3.6166666666666667,661,Human,1,7,1,1217,-3.6166666666666667,"-3.648021627024149,-3.6230062112344017,-3.8734352862500083,-3.7899383556946287"
4.116666666666666,662,Human,0,7,10,1218,-4.116666666666666,"-4.096997365563387,-4.349495638184092,-4.350448685102267,-4.402087168303606"
3.0833333333333335,663,Human,0,7,9,1220,-3.0833333333333335,"-3.0693924492221067,-3.172359310775138,-3.3070139615817533,-3.168812459803217"
2.95,668,Human,3,8,89,1225,-2.95,"-3.012041082991812,-3.04676923120004,-3.049436165762029,-2.951941732140761"
4.633333333333334,670,Human,1,4,3,1229,-4.633333333333334,"-5.749821565699562,-4.633333302772602,-5.715110978390921,-5.719304627379126"
3.183333333333333,672,Human,1,7,90,1231,-3.183333333333333,"-3.270846473209938,-3.1837216553893977,-3.261126638091378,-3.3020883786199864"
5.166666666666667,674,Human,3,7,4,1233,-5.166666666666667,"-5.180259252321052,-5.173722595337864,-5.1854874136361175,-5.160381141534345"
6.133333333333334,677,Human,1,4,3,1237,-6.133333333333334,"-6.588125010457788,-6.127905712230705,-6.6094686696553175,-6.578278535214558"
2.066666666666667,682,Human,0,49,3,1244,-2.066666666666667,"-2.0756274337263187,-2.1112238992228964,-2.111595777203461,-2.1515773335972264"
4.25,685,Human,3,16,9,1244,-4.25,"-4.485423154792803,-4.595027505164773,-4.300652447418269,-4.261776501844411"
5.183333333333334,686,Human,0,24,10,1245,-5.183333333333334,"-5.163538178293941,-5.194857244381376,-5.211735417275761,-5.238495968396544"
5.15,688,Human,0,7,10,1246,-5.15,"-5.121103951082693,-5.209708998429645,-5.414294189711167,-5.3512377346428845"
4.0,689,Human,0,7,9,1247,-4.0,"-3.9708559409728643,-4.040638492229423,-4.139451169265403,-4.006088901175907"
5.2,691,Human,1,0,2,1258,-5.2,"-5.388747027627118,-5.118648579460833,-5.1809829410252,-5.332881261036129"
5.083333333333333,693,Human,1,0,2,1259,-5.083333333333333,"-5.352078168213715,-5.035216302613428,-5.266138846607214,-5.2011098805802085"
4.983333333333333,695,Human,0,11,2,1263,-4.983333333333333,"-5.608802237424747,-6.454011786254407,-6.426217263115665,-6.428500506446188"
5.65,696,Human,1,4,3,1265,-5.65,"-5.884094385727722,-5.592025867850257,-5.661511122988651,-5.643089558838313"
3.1,697,Human,0,0,3,1269,-3.1,"-3.1096442184346804,-3.128528731767314,-3.1226077722563437,-3.1199999999575985"
5.45,699,Human,1,4,3,1275,-5.45,"-5.603949328840291,-5.414092789282446,-5.509395837069148,-5.5162284601716465"
3.0166666666666666,700,Human,0,0,3,1278,-3.0166666666666666,"-3.0210357717734633,-3.2169054283893592,-3.0751125609900254,-3.0425429105561306"
5.183333333333334,701,Human,1,11,3,1283,-5.183333333333334,"-5.250770856150668,-4.731203903112201,-5.3920489903134765,-5.3464708726931995"
4.883333333333334,703,Human,0,4,20,1286,-4.883333333333334,"-4.723148902653477,-5.141463673226282,-5.218406663954035,-5.193175213053156"
5.85,704,Human,3,101,22,1287,-5.85,"-5.879684065113869,-5.887821590692239,-5.880131178976082,-5.849451293351745"
3.783333333333333,705,Human,1,1,1,1290,-3.783333333333333,"-3.8152410622538384,-3.79074071952732,-3.80497453757731,-3.8069736910098726"
4.116666666666666,709,Human,3,7,4,1298,-4.116666666666666,"-4.127995241634438,-4.130029554976204,-4.129373573148117,-4.110641739962617"
2.066666666666667,710,Human,0,7,77,1300,-2.066666666666667,"-2.0654045037293,-2.0861510826911895,-2.1472195818572213,-2.489654113625292"
4.85,711,Human,1,11,3,1301,-4.85,"-4.930348342349141,-4.083620311867651,-4.906913915040501,-4.90186445185698"
4.566666666666666,712,Human,0,4,20,1303,-4.566666666666666,"-4.447324811357092,-5.027554339892949,-4.905148329942543,-4.829629016316446"
3.0166666666666666,714,Human,0,7,9,1306,-3.0166666666666666,"-3.0126862172793247,-3.0851558051355896,-3.060434118643858,-3.19051557475402"
3.5166666666666666,717,Human,1,11,4,1309,-3.5166666666666666,"-3.530836120804307,-3.5183602593311285,-3.6507778791678245,-3.8155049907661183"
3.566666666666667,721,Human,1,8,95,1314,-3.566666666666667,"-3.7090310688422243,-3.549220010676747,-3.59222677860324,-3.7008111413319833"
5.616666666666666,723,Human,0,7,10,1315,-5.616666666666666,"-5.57713636498895,-6.123367412077049,-5.995309070472293,-6.145915136838113"
5.416666666666667,725,Human,0,7,10,1316,-5.416666666666667,"-4.954540119255211,-5.476049876529311,-5.526324056377835,-5.453773641474448"
4.133333333333334,727,Human,0,7,9,1318,-4.133333333333334,"-4.134032368597597,-4.250440583826831,-4.185057912489244,-4.271522427607392"
4.633333333333334,728,Human,1,11,3,1318,-4.633333333333334,"-4.725990236855001,-4.625599320114872,-4.756539656980143,-4.736651983487892"
2.9166666666666665,729,Human,0,8,96,1320,-2.9166666666666665,"-2.916666666656716,-3.042318778396888,-3.0390438634777164,-3.063090794964494"
4.133333333333334,732,Human,0,7,9,1323,-4.133333333333334,"-4.1267344221042705,-4.38035219889609,-4.290384502598736,-4.386876027607393"
9.0,733,Human,0,17,3,1325,-9.0,"-8.98314072281047,-9.038650053196294,-8.998969171055316,-9.016450104600148"
4.45,735,Human,1,11,3,1328,-4.45,"-4.528363570188335,-4.4317258804628175,-4.560567904558512,-4.720950990866499"
5.216666666666667,736,Human,0,7,10,1330,-5.216666666666667,"-4.821016695699306,-5.324122016288074,-5.338312612745696,-5.334149130327781"
4.3,737,Human,0,17,5,1331,-4.3,"-4.301242681478878,-4.366599862487833,-4.378584081350324,-4.399736892793114"
4.05,738,Human,0,7,9,1332,-4.05,"-4.032302228304872,-4.126193012450205,-4.087411617278221,-4.152397307607393"
3.8666666666666667,739,Human,0,7,9,1335,-3.8666666666666667,"-3.875341592914231,-4.008366326760164,-4.011520598663887,-4.052493520940725"
4.333333333333333,741,Human,1,11,3,1337,-4.333333333333333,"-4.442993218253868,-4.315059290562761,-4.549127904558512,-4.430232738583122"
5.283333333333333,742,Human,0,7,10,1337,-5.283333333333333,"-5.209890797730371,-5.599275931762977,-5.388194324332119,-5.622288321047642"
3.8833333333333333,745,Human,0,7,9,1339,-3.8833333333333333,"-3.8855896512901524,-4.007673585562756,-3.9741711692654027,-4.0658891476073915"
3.85,746,Human,0,7,9,1340,-3.85,"-3.871292348241478,-4.1323461152867775,-3.965481281663191,-4.03600179313655"
6.55,748,Human,2,17,5,1346,-6.55,"-6.553335693455492,-6.6096508344354215,-6.548992679000772,-6.553238048780007"
2.25,750,Human,0,73,5,1349,-2.25,"-2.232952418386797,-2.479509713172526,-2.3653274434611857,-2.3871770208443355"
5.366666666666666,753,Human,0,17,5,1355,-5.366666666666666,"-5.366666628235258,-5.653782301008349,-5.596501578950534,-5.644254566244924"
3.0,754,Human,0,17,16,1359,-3.0,"-3.0113880115197253,-3.1713454960573997,-3.0664221602824,-3.2257816940373014"
1.75,756,Human,0,104,5,1365,-1.75,"-1.750000000002816,-2.061688966443309,-1.8281174500037598,-1.955458482889196"
1.9333333333333333,757,Human,0,10,5,1366,-1.9333333333333333,"-1.9481480281225023,-2.0584441615379054,-2.227499348191401,-2.1131106150163452"
4.566666666666666,759,Human,0,4,20,1376,-4.566666666666666,"-4.570548564775379,-4.8938962581995185,-4.82453499660921,-4.781543213053156"
5.566666666666666,761,Human,1,16,4,1377,-5.566666666666666,"-5.1018960134984805,-4.9385846007712,-5.090390812341708,-5.117182837154829"
6.4,763,Human,3,0,0,1379,-6.4,"-6.62859967551011,-6.624034398803284,-6.507284909687552,-6.453819003070597"
4.533333333333333,765,Human,0,4,20,1380,-4.533333333333333,"-4.512144454396365,-4.629762924866186,-4.748966663954035,-4.682348546386489"
5.95,766,Human,1,8,10,1381,-5.95,"-6.641606405948279,-5.949810364631076,-6.494467288197425,-6.705961650970006"
3.8666666666666667,767,Human,0,0,98,1381,-3.8666666666666667,"-3.8652857424825284,-4.073059302074182,-3.8830036289278183,-4.048906818756301"
4.816666666666666,769,Human,0,8,9,1382,-4.816666666666666,"-4.825017709609746,-5.591204026028094,-5.59025671370809,-5.586825761871014"
6.283333333333333,770,Human,1,8,9,1382,-6.283333333333333,"-6.502845750674122,-6.285712510444431,-6.431036994751877,-6.582763017383399"
3.4166666666666665,771,Human,0,11,20,1383,-3.4166666666666665,"-3.1723702800511173,-3.544395625838528,-3.5509508943966352,-3.5763692587877487"
3.2333333333333334,772,Human,0,7,9,1385,-3.2333333333333334,"-3.2319359318042498,-3.52843580513559,-3.4362139615817533,-3.3544017931365504"
4.616666666666666,773,Human,1,0,2,1385,-4.616666666666666,"-4.652600705466498,-4.622738529618848,-4.6839268915923515,-4.728443213913542"
2.6666666666666665,776,Human,0,0,3,1388,-2.6666666666666665,"-2.666176031668071,-2.93170639852504,-2.945779227656692,-2.710513235228483"
3.1,777,Human,0,7,9,1388,-3.1,"-3.096222920315776,-3.623849138468923,-3.7305178359320696,-3.70411557475402"
2.6666666666666665,779,Human,0,0,3,1390,-2.6666666666666665,"-2.6664846150072865,-2.891765118820032,-2.9331125609900255,-2.6894377961235816"
5.55,786,Human,1,8,10,1403,-5.55,"-6.500404229377938,-5.577304824395266,-6.609033603192634,-6.4584450541093394"
4.016666666666667,787,Human,0,7,10,1403,-4.016666666666667,"-4.00278988798967,-4.63316291470372,-4.596605070472292,-4.662811067976218"
4.633333333333334,788,Human,0,8,99,1404,-4.633333333333334,"-4.6173375833834704,-4.653270638383856,-4.654909719026521,-4.807539479693736"
5.433333333333334,790,Human,0,7,10,1405,-5.433333333333334,"-5.429546879693433,-5.588697214994973,-5.642075769415148,-5.570668659111721"
3.4833333333333334,793,Human,1,105,1,1409,-3.4833333333333334,"-3.5032170368303746,-3.4839254142994536,-3.565010534270543,-3.529615531865455"
4.233333333333333,794,Human,0,7,10,1410,-4.233333333333333,"-4.234239103563618,-5.539474505410381,-5.554114391768935,-5.426882572938084"
0.8833333333333333,796,Human,0,8,2,1412,-0.8833333333333333,"-0.884207407006241,-2.4302132948211685,-1.2176273821263566,-1.7584710486066275"
4.166666666666667,797,Human,0,7,9,1412,-4.166666666666667,"-4.168231541805782,-4.3045418522294225,-4.258371948329858,-4.244101701175907"
4.183333333333334,798,Human,0,7,9,1414,-4.183333333333334,"-4.185986344048191,-4.311249977441805,-4.319544214996524,-4.257532101175907"
3.7,799,Human,0,11,20,1414,-3.7,"-3.712392871163054,-3.9454622925051956,-3.8886273821839756,-3.798194906818019"
4.15,801,Human,0,7,9,1415,-4.15,"-4.154944825787311,-4.5373071819534445,-4.242651169265403,-4.224782241420687"
5.5,803,Human,2,11,2,1417,-5.5,"-5.536723768523505,-5.664462822442637,-5.494011082734502,-5.534401079731029"
1.45,806,Human,0,107,20,1419,-1.45,"-1.4588404015845688,-1.6959059937870036,-1.7797067365463106,-1.5538682715706875"
3.9,807,Human,0,4,20,1420,-3.9,"-3.8922363312932475,-3.991171236770081,-4.2071687457615115,-3.9951362703955557"
5.133333333333334,811,Human,0,7,10,1424,-5.133333333333334,"-5.135061341752587,-5.434285594758859,-5.523707857119027,-5.469938613966532"
4.05,813,Human,0,7,9,1426,-4.05,"-4.04830645749575,-4.111449138468923,-4.16611783593207,-4.228677801775859"
3.533333333333333,814,Human,0,11,20,1426,-3.533333333333333,"-3.4568011399593446,-3.659195625838529,-3.6191607155173084,-3.698555925454415"
3.1166666666666667,815,Human,0,108,4,1428,-3.1166666666666667,"-3.1070915897537272,-3.114024810909829,-3.1814313054235366,-3.4115937602696085"
4.066666666666666,816,Human,0,7,9,1428,-4.066666666666666,"-4.061900168543827,-4.199822471802256,-4.178384502598736,-4.2442778017758584"
3.4833333333333334,818,Human,0,4,20,1431,-3.4833333333333334,"-3.4918093895814493,-3.6371712367700813,-3.6537942655352227,-3.7342029370622223"
6.833333333333333,821,Human,1,1,10,1435,-6.833333333333333,"-7.058747496001805,-6.833089056753165,-7.086932763877945,-7.050839798712161"
4.666666666666667,823,Human,3,1,1,1436,-4.666666666666667,"-5.126387322462415,-5.007463286897797,-5.048306032717183,-4.641899309873294"
3.7333333333333334,824,Human,0,11,20,1437,-3.7333333333333334,"-3.729817015287822,-4.076395625838528,-4.105027382183975,-4.07019490681802"
5.416666666666667,825,Human,0,17,5,1442,-5.416666666666667,"-5.4246632297184725,-5.680628958497459,-5.628863581688167,-5.727390350363782"
5.016666666666667,827,Human,0,11,20,1444,-5.016666666666667,"-5.032883008924367,-5.222476500670823,-5.156395239080514,-5.182529258787749"
4.566666666666666,828,Human,3,1,1,1444,-4.566666666666666,"-4.986223579701738,-4.944792214755578,-4.943770684853785,-4.541692216000458"
4.633333333333334,829,Human,3,1,1,1446,-4.633333333333334,"-5.1556894273193,-5.198091127152218,-5.147598112040414,-4.6807018700462"
3.533333333333333,830,Human,0,11,20,1447,-3.533333333333333,"-3.5623847074811024,-3.727661198964827,-3.6769508943966356,-3.6239103001891904"
3.55,831,Human,0,11,20,1450,-3.55,"-3.622313806791257,-4.20602316733749,-4.31882190574718,-4.168938192290827"
6.3,832,Human,2,11,2,1453,-6.3,"-6.326490223739269,-6.379788811849586,-6.248859083522962,-6.621942446687496"
4.983333333333333,833,Human,0,4,20,1454,-4.983333333333333,"-5.0092568873238,-5.259149591532853,-5.245201663275877,-5.217815682983112"
4.866666666666666,834,Human,0,4,20,1455,-4.866666666666666,"-4.8868579458719585,-5.024279673226282,-5.05181499660921,-5.101379637109192"
4.566666666666666,835,Human,0,11,20,1456,-4.566666666666666,"-4.558830040130135,-4.66330316733749,-4.815356191264411,-4.784823407030199"
4.866666666666666,836,Human,0,4,20,1457,-4.866666666666666,"-4.869187715500611,-5.147469591532853,-5.147761663275877,-5.292017879719823"
4.033333333333333,837,Human,1,11,4,1458,-4.033333333333333,"-4.038664922071741,-4.02451141802252,-4.215075636667593,-4.324705363608993"
6.416666666666667,838,Human,1,1,10,1463,-6.416666666666667,"-6.970827654781739,-6.426612562643839,-6.911438300139149,-6.972830210844274"
6.366666666666666,839,Human,3,8,9,1464,-6.366666666666666,"-6.466921544351892,-6.411527708010291,-6.508536253494536,-6.379115159308355"
4.5,840,Human,0,11,20,1465,-4.5,"-4.482023968713176,-4.742685200536659,-4.62498190574718,-4.750352592290827"
6.833333333333333,841,Human,2,8,10,1466,-6.833333333333333,"-7.385394375295224,-7.380438910403443,-6.832976356053752,-7.582650920776006"
5.983333333333333,842,Human,1,8,10,1467,-5.983333333333333,"-7.000002861103084,-6.111228674654738,-7.067239908908293,-6.9002773232874715"
4.3,844,Human,0,11,20,1469,-4.3,"-4.340543862273274,-4.5540498340041555,-4.46506190574718,-4.645292740363533"
4.983333333333333,845,Human,0,8,9,1470,-4.983333333333333,"-5.099923401986764,-5.738147980289144,-5.775471504299805,-5.733908635096812"
4.35,846,Human,0,11,20,1470,-4.35,"-4.340151985750102,-4.476209834004156,-4.574588191264412,-4.499340740363532"
4.35,851,Human,2,1,1,1476,-4.35,"-5.101888941863336,-5.117138880983503,-4.628586982415769,-5.117140001477001"
4.483333333333333,852,Human,1,0,2,1478,-4.483333333333333,"-4.639000705466497,-4.4789233134467015,-4.596261513273881,-4.789687904464167"
2.6166666666666667,853,Human,0,0,3,1480,-2.6166666666666667,"-2.6249517238255673,-2.93370639852504,-2.9431125609900253,-2.6765575580920355"
4.883333333333334,856,Human,0,8,9,1487,-4.883333333333334,"-5.113521254697982,-5.766657080097099,-5.793825096773178,-5.779945817223227"
2.6666666666666665,858,Human,0,0,101,1488,-2.6666666666666665,"-2.6666666666722674,-2.7933874309091955,-2.7556491757250057,-2.7084793175123694"
2.5166666666666666,862,Human,0,0,102,1492,-2.5166666666666666,"-2.5084766036422192,-2.6606179482462693,-2.66859456593303,-2.685123475651066"
4.3,863,Human,1,0,2,1492,-4.3,"-4.763973897706531,-4.302681605590031,-4.860384179940548,-4.682443213913542"
1.5666666666666667,865,Human,0,0,12,1497,-1.5666666666666667,"-1.562515328581465,-1.5967342820699386,-1.7353931820616333,-1.713404386543426"
4.616666666666666,866,Human,0,8,9,1498,-4.616666666666666,"-5.097728815194957,-5.6274399814029525,-5.726731202751877,-5.623583682676038"
4.283333333333333,867,Human,1,110,10,1500,-4.283333333333333,"-4.945545795455913,-4.27387652331461,-4.907635623387085,-4.960613173921726"
5.366666666666666,870,Human,0,7,10,1503,-5.366666666666666,"-5.327044753982209,-5.5530507188084925,-5.567769037705696,-5.569374459974226"
5.683333333333334,871,Human,1,16,10,1503,-5.683333333333334,"-6.270737177984446,-5.70763429344107,-6.33014044242669,-6.3311827085160015"
4.383333333333334,873,Human,0,17,5,1506,-4.383333333333334,"-4.820815925656577,-5.304046412756535,-5.30485495080246,-5.303679168632803"
3.6,874,Human,0,11,20,1517,-3.6,"-3.6203798164971777,-3.892795625838528,-3.8842842277299683,-3.8925949068180192"
1.5833333333333333,875,Human,0,37,81,1517,-1.5833333333333333,"-1.5696068714497846,-1.5836839582485263,-1.6872521672404068,-1.6552114438287913"
4.616666666666666,876,Human,3,1,1,1518,-4.616666666666666,"-4.862938954548975,-4.853243977332232,-4.854631635903928,-4.714809251938775"
8.333333333333334,880,Human,2,1,10,1521,-8.333333333333334,"-7.92286420417824,-7.891512822356388,-7.496432484798827,-7.97251336135313"
4.733333333333333,882,Human,3,1,1,1523,-4.733333333333333,"-4.88232842039499,-5.017275243142313,-5.0441197673225755,-4.787398413765549"
5.133333333333334,883,Human,0,11,20,1526,-5.133333333333334,"-5.127012061513302,-5.205969834004157,-5.21634190574718,-5.419682073696866"
5.083333333333333,884,Human,0,11,2,1528,-5.083333333333333,"-5.0878355740340275,-5.182173728053296,-5.146509794300918,-5.3948297911865115"
5.0,886,Human,0,4,20,1535,-5.0,"-5.000399379521107,-5.098909591532852,-5.061868329942543,-5.250449879719824"
5.433333333333334,887,Human,1,4,3,1536,-5.433333333333334,"-5.556797226901055,-5.462121359453821,-5.529668507512738,-5.516478479447883"
5.466666666666667,888,Human,1,4,3,1538,-5.466666666666667,"-5.546123090457788,-5.461456584978737,-5.528784796336433,-5.542457942537318"
5.333333333333333,889,Human,2,11,5,1539,-5.333333333333333,"-6.296868207267099,-6.284145202100465,-5.328098788127406,-6.31967466267185"
5.483333333333333,890,Human,1,4,3,1539,-5.483333333333333,"-5.657449596405567,-5.466828057188157,-5.550254636579405,-5.542998629651107"
5.366666666666666,891,Human,1,4,3,1543,-5.366666666666666,"-5.484200829699565,-5.38443301593729,-5.481846909655319,-5.496299372171647"
2.466666666666667,892,Human,1,77,3,1545,-2.466666666666667,"-3.587687582130333,-2.6110173285880602,-3.710243143477694,-3.829814954742964"
5.3,895,Human,1,4,3,1548,-5.3,"-5.422573328840292,-5.321735555270852,-5.491104796336433,-5.435391369018197"
4.516666666666667,896,Human,0,1,1,1548,-4.516666666666667,"-4.530888605992639,-4.840591984071129,-4.8344851972473615,-4.848588499913145"
6.083333333333333,898,Human,2,4,2,1549,-6.083333333333333,"-6.4731036723928055,-6.28123725195622,-6.0912605571392975,-6.284714655932262"
6.016666666666667,900,Human,0,68,10,1555,-6.016666666666667,"-6.019083668739839,-6.0558965243735186,-6.060156967060654,-6.245813715327637"
3.75,902,Human,1,111,3,1558,-3.75,"-4.878980447956957,-3.8083176011527295,-4.852548372713729,-4.805372639376385"
5.166666666666667,903,Human,1,4,3,1558,-5.166666666666667,"-6.1276962043048435,-5.21633501828567,-6.131832235919055,-6.1025225706175075"
7.333333333333333,904,Human,2,4,2,1559,-7.333333333333333,"-7.306836932173923,-7.326911303586506,-7.3104910284100235,-7.335238776768929"
3.65,905,Human,0,112,10,1561,-3.65,"-3.6574818621590093,-3.8103151403285,-3.6722294890049296,-3.8297844534676755"
6.516666666666667,906,Human,1,4,3,1562,-6.516666666666667,"-6.80375863971504,-6.035787920140347,-6.800780015566605,-6.5680382562816595"
2.033333333333333,907,Human,1,47,3,1563,-2.033333333333333,"-2.074441022935786,-2.0196317832543897,-2.0837385317677053,-2.214101450515412"
5.133333333333334,911,Human,3,1,1,1578,-5.133333333333334,"-5.14072759341423,-5.131260159127484,-5.131486286721193,-5.12538640628188"
4.8,914,Human,1,4,3,1582,-4.8,"-6.290353520874389,-5.517910142447074,-6.277369494010191,-6.2578263496041755"
2.816666666666667,915,Human,0,113,10,1583,-2.816666666666667,"-2.8131985206507903,-3.4218221044524633,-3.511413600387429,-3.5098271588213477"
2.1166666666666667,916,Human,1,114,3,1584,-2.1166666666666667,"-3.45258344341039,-2.305367934391908,-3.9852170978248758,-3.383789070007016"
7.066666666666666,917,Human,0,4,2,1585,-7.066666666666666,"-6.381961188119928,-6.816312387206493,-6.799859996780798,-6.800111236497326"
2.566666666666667,920,Human,1,4,90,1589,-2.566666666666667,"-2.700683430311651,-2.5726059468168634,-2.8814896130241756,-2.7524270457841546"
4.15,922,Human,1,0,2,1591,-4.15,"-4.225584215166455,-4.133513659127406,-4.255260224925684,-4.3644432139135425"
4.033333333333333,925,Human,1,0,2,1594,-4.033333333333333,"-4.173584215166454,-4.0345565330613855,-4.2294202249256845,-4.325776547246876"
4.116666666666666,926,Human,3,16,9,1594,-4.116666666666666,"-4.646820488126136,-4.460255476819958,-4.532786156104942,-4.148223851143825"
4.283333333333333,929,Human,2,17,5,1599,-4.283333333333333,"-4.319912974684424,-4.318442977003788,-4.273278052657868,-4.320291168963862"
4.483333333333333,930,Human,3,16,9,1601,-4.483333333333333,"-5.8960451249709305,-5.636483833582158,-5.829852093441446,-4.634018140706113"
4.833333333333333,931,Human,1,16,103,1602,-4.833333333333333,"-4.939495454556066,-4.831792578077154,-5.044850118968425,-4.9381212097108715"
4.95,933,Human,2,16,4,1604,-4.95,"-5.185754976873101,-5.0522780071887246,-4.9554368575958705,-5.161970978818022"
4.3,934,Human,1,11,3,1604,-4.3,"-4.714390236855001,-4.311872580226576,-4.770647904558512,-4.685884256562236"
5.8,937,Human,1,4,3,1607,-5.8,"-6.068345596405567,-5.703985521622733,-5.9675474630031005,-5.910069863363189"
4.416666666666667,940,Human,1,11,3,1609,-4.416666666666667,"-4.718176903521668,-4.410896764074755,-4.738621237891845,-4.678630923228902"
4.316666666666666,942,Human,1,11,3,1613,-4.316666666666666,"-4.750717522817335,-4.322721499909015,-4.740624990313476,-4.67529940524979"
4.266666666666667,943,Human,1,11,3,1614,-4.266666666666667,"-4.635910236855002,-4.268323750154415,-4.381943214031473,-4.625644256562237"
4.816666666666666,944,Human,2,1,1,1615,-4.816666666666666,"-4.999332263047862,-5.0726479236391935,-4.804592292708593,-4.8289126620698655"
4.233333333333333,947,Human,1,11,3,1618,-4.233333333333333,"-4.649936903521668,-4.231625707244409,-4.641874571225179,-4.605004256562236"
5.65,948,Human,1,4,3,1618,-5.65,"-5.764687996405567,-5.6434774758850335,-5.7177190370691475,-5.714547990838313"
4.95,950,Human,3,1,1,1621,-4.95,"-5.919830028312574,-5.920907094446103,-5.89782390532286,-4.95630501422693"
5.033333333333333,951,Human,1,0,2,1621,-5.033333333333333,"-5.355739081734028,-5.032306203566202,-5.156710543952438,-5.336150323571334"
1.8333333333333333,954,Human,3,0,3,1622,-1.8333333333333333,"-2.4058795195549827,-2.2557912476953743,-2.277780043213581,-1.8088675256302769"
2.9833333333333334,955,Human,2,119,1,1624,-2.9833333333333334,"-3.055877160224292,-3.067149799847493,-3.020097895460942,-3.056187035295706"
5.75,957,Human,0,1,1,1631,-5.75,"-5.770135311925586,-5.929113050210786,-5.918113624174368,-5.929503878986458"
2.6333333333333333,958,Human,0,4,4,1632,-2.6333333333333333,"-2.62572576674112,-2.9869089230526757,-2.927249691328836,-2.6794311948389447"
4.8,960,Human,3,21,10,1642,-4.8,"-5.567435150253514,-5.58598704603435,-5.592948451753718,-4.8745608732259464"
4.716666666666667,961,Human,0,21,9,1644,-4.716666666666667,"-4.718078846049558,-4.825261754819898,-5.0300780453514,-4.89587568968429"
4.7,964,Human,3,21,10,1650,-4.7,"-5.6652090288092,-5.655240374042006,-5.676312764692146,-4.782441814125662"
6.033333333333333,966,Human,0,4,2,1654,-6.033333333333333,"-5.9797919757558,-6.001605461673675,-6.031253609811535,-5.995448396008167"
5.9,968,Human,2,17,5,1654,-5.9,"-5.90988850070932,-5.907087483202004,-5.900040891355205,-5.907707166432797"
5.2,970,Human,1,4,3,1657,-5.2,"-5.445911995506958,-5.163747508492078,-5.469664796336434,-5.428248544606079"
2.5166666666666666,973,Human,0,17,16,1665,-2.5166666666666666,"-2.5122827903843215,-2.7136625066505515,-2.5883610336863327,-2.606084037833271"
4.716666666666667,976,Human,1,4,3,1673,-4.716666666666667,"-5.098779697359651,-4.70060655375619,-5.0119498443035235,-5.160092752188159"
4.566666666666666,979,Human,0,17,5,1679,-4.566666666666666,"-5.070033998392913,-5.307959274145934,-5.336502861841836,-5.313191736642792"
4.25,980,Human,0,122,106,1681,-4.25,"-4.2208467435707675,-4.3253619445696145,-4.795643549954853,-4.741277278219611"
3.716666666666667,983,Human,2,16,71,1682,-3.716666666666667,"-3.7482455303449576,-3.7734352874626937,-3.7279009865365733,-3.816422821171288"
2.216666666666667,984,Human,1,123,2,1684,-2.216666666666667,"-2.53017704908116,-2.2090442481253842,-2.6200597491696462,-2.5812138716393687"
4.45,986,Human,1,11,3,1688,-4.45,"-4.734787638349143,-4.440099948988568,-4.499580709707168,-4.469233453135135"
4.683333333333334,992,Human,2,1,1,1697,-4.683333333333334,"-4.815651479184824,-4.807938825175435,-4.6560833413904765,-4.804306141929086"
5.4,993,Human,3,21,10,1699,-5.4,"-5.541862560841682,-5.5740480295064465,-5.449333479297903,-5.379869422681278"
5.066666666666666,994,Human,0,21,10,1701,-5.066666666666666,"-4.706956437589272,-5.502220605550793,-5.511414371753717,-5.33855938161047"
5.516666666666667,995,Human,0,16,10,1702,-5.516666666666667,"-6.009945729008683,-6.420839559025703,-6.416251107536462,-6.507137857316002"
5.166666666666667,996,Human,3,21,9,1703,-5.166666666666667,"-5.186698687806081,-5.279318324191539,-5.1762410952881925,-5.155908773523526"
1.7666666666666666,998,Human,3,0,3,1709,-1.7666666666666666,"-1.9453950826379938,-2.2557912476953743,-2.277780043213581,-1.7819035073012706"
3.65,999,Human,0,40,9,1710,-3.65,"-3.659913333988928,-3.7416711404718503,-3.739717637897769,-3.711508219146912"
5.05,1000,Human,1,0,2,1710,-5.05,"-5.241467231039865,-5.063459172571693,-5.181108410619105,-5.090146196694523"
3.6333333333333333,1001,Human,2,126,108,1712,-3.6333333333333333,"-3.785324913781208,-3.7439630242974085,-3.6441044364697293,-3.7770969879096357"
2.7,1002,Human,0,45,4,1714,-2.7,"-2.7019211720628378,-2.718996404135988,-3.0112912650040573,-2.9663207866554413"
2.066666666666667,1003,Human,0,123,2,1717,-2.066666666666667,"-2.0679969799959097,-2.164254292530548,-2.389676691410906,-2.4975173395492107"
3.3666666666666667,1005,Human,0,127,10,1727,-3.3666666666666667,"-3.360872452730824,-3.4532335016674716,-3.6021330322208613,-3.5662718667939886"
5.333333333333333,1006,Human,1,4,3,1727,-5.333333333333333,"-5.402451197699563,-5.334269714532197,-5.390463213057587,-5.385360197470651"
2.8666666666666667,1009,Human,2,128,9,1743,-2.8666666666666667,"-3.4323931697312817,-3.428692867017314,-2.874873397061382,-3.6035453867962026"
4.866666666666666,1010,Human,0,17,5,1744,-4.866666666666666,"-4.878839223431274,-4.883583655463558,-4.884031093414096,-4.88517502185959"
4.916666666666667,1012,Human,1,4,3,1748,-4.916666666666667,"-4.959921490457788,-4.9349613356707005,-4.963756306979404,-4.942558674883188"
4.866666666666666,1015,Human,1,4,3,1753,-4.866666666666666,"-4.92906666379112,-4.883462655117981,-4.966500562988651,-4.932380935214558"
7.783333333333333,1018,Human,0,130,3,1756,-7.783333333333333,"-7.782348498087904,-7.78517625231045,-7.78609488334091,-7.789281477647683"
4.533333333333333,1020,Human,3,17,5,1760,-4.533333333333333,"-4.541083118034714,-4.541033305352654,-4.540972860435996,-4.531350530838546"
4.666666666666667,1022,Human,1,11,3,1768,-4.666666666666667,"-4.697950294145981,-4.64022111313874,-4.7051280590405,-4.666027600656982"
2.4,1024,Human,3,16,109,1776,-2.4,"-2.5313153532378,-2.525870053126072,-2.536153930915419,-2.3867764357343453"
3.75,1025,Human,0,4,20,1776,-3.75,"-3.7268245226977443,-4.180376258199519,-4.09133499660921,-4.047789016316445"
5.166666666666667,1026,Human,0,4,20,1777,-5.166666666666667,"-4.692359876735363,-5.072796538581025,-5.165193384930583,-5.29465414641655"
3.1166666666666667,1027,Human,1,11,3,1778,-3.1166666666666667,"-3.3489392646907574,-3.0875415525011007,-3.3782446052575095,-3.2551385219314506"
4.333333333333333,1029,Human,1,11,3,1786,-4.333333333333333,"-4.3707346890158085,-4.297393628024086,-4.352950393800625,-4.353076400207135"
2.533333333333333,1030,Human,0,131,5,1790,-2.533333333333333,"-2.5299412460159396,-3.081381320436295,-3.1384002248824663,-3.0984391916445504"
3.05,1032,Human,1,13,2,1791,-3.05,"-3.3091822071953336,-3.073513519066143,-3.3202350358718,-3.207299990487196"
2.2333333333333334,1034,Human,0,43,9,1798,-2.2333333333333334,"-2.2663625020764724,-2.5046984397145473,-2.68720608167241,-2.4616372593849327"
